2.146919877303515856e-01
2.155204832764048284e-01
1.440994665226631444e-01
2.062307566217222998e-01
2.266787318009095831e-01
1.990034550497682408e-01
2.006604461418748375e-01
1.851951959488803423e-01
2.029050227276361085e-01
1.941617505820526501e-01
1.779913977966723904e-01
1.475373353354296757e-01
1.700491411051143764e-01
1.296806425010691433e-01
1.583489008774660034e-01
1.085999430562104573e-01
1.452402496957587719e-01
1.385976713400172144e-01
1.377982709430662922e-01
1.438761840350742949e-01
1.633086257668644459e-01
1.372712146921062359e-01
1.585150957905047120e-01
1.751645865236155508e-01
1.554394683573164793e-01
1.301705810954588705e-01
1.243805748747724982e-01
9.907774407815317375e-02
1.565850864011030241e-01
9.025264931236254284e-02
1.205029334687910403e-01
1.199653072051126701e-01
1.488273010615469572e-01
1.502507117333977682e-01
1.569695291859239950e-01
1.385083714292335566e-01
1.680532783158208421e-01
9.052913153347674768e-02
1.528930996837327694e-01
1.254502261128510598e-01
1.597910337980280593e-01
1.082512926265669639e-01
1.642208956713446799e-01
1.161545199483524637e-01
1.574030446195449073e-01
1.372828266878127756e-01
1.658637178558174385e-01
1.485754086956194708e-01
1.845500500616237272e-01
1.961479316278496032e-01
1.977831484186465261e-01
2.171918628167300858e-01
2.308676266667125665e-01
2.001460652478969093e-01
2.332831726244144477e-01
2.189781613046988262e-01
2.441222847487655168e-01
2.176111595783697394e-01
2.237021577919894311e-01
2.146491007614755864e-01
2.199429553220231259e-01
2.246017579659156382e-01
2.412879773799545546e-01
2.202542649462024826e-01
2.432642904018459395e-01
2.451942784731636626e-01
2.357456788154616012e-01
2.471916836541798723e-01
2.466320117985461025e-01
2.267814041672040482e-01
2.391405641508415059e-01
2.492189862252166543e-01
2.402791307011689081e-01
2.414966273863263790e-01
2.143565508358388216e-01
2.413721808076736419e-01
2.505129356245586747e-01
2.433332474263999456e-01
2.487962988691371224e-01
2.702711973729114980e-01
2.893343327897197614e-01
2.537264009079330807e-01
2.629415681268485461e-01
2.380478546034605625e-01
2.845519481825418140e-01
2.600952730238957900e-01
2.735172523742439576e-01
2.637062464036732390e-01
2.620254167123786671e-01
3.628228993348022735e-01
2.564627940280248541e-01
3.608280774423437975e-01
2.511378546718758820e-01
3.831020990986006014e-01
2.458590728645891899e-01
2.711334231723591115e-01
2.691520218676167753e-01
3.011661585632178229e-01
2.986460257972761712e-01
2.965188305525071621e-01
3.281591841334919879e-01
3.116199163375480419e-01
2.949832501266010931e-01
3.523822649512102778e-01
3.178917829612729617e-01
3.559050611978950007e-01
3.157894737032398425e-01
3.500473485019452990e-01
8.591252542922307445e-01
8.721405969779656431e-01
8.473334455648007246e-01
3.418802730255178224e-01
7.595759394989780589e-01
8.285422752259397061e-01
8.794842333764408826e-01
4.007256808136486770e-01
7.444142666896874649e-01
3.892190808213540354e-01
3.650489491071031711e-01
3.708925102833835474e-01
3.627865976777542301e-01
3.873527216154075692e-01
3.634981118715862047e-01
3.861724906904325794e-01
3.552213142750075825e-01
3.729910106416000071e-01
3.597392572444824133e-01
3.923332366285066097e-01
3.681627366842529225e-01
3.910571207194188936e-01
3.758916113362759104e-01
4.039613791817515676e-01
3.949768177300728711e-01
4.056893358856710208e-01
3.741771930523457579e-01
4.016129032410776789e-01
3.581137478135937302e-01
8.213265330286838584e-01
3.636672545923295141e-01
3.796345471439560582e-01
3.602072203507580284e-01
7.653347193721655728e-01
3.370367492997259351e-01
3.869766423810996336e-01
3.619586119967864724e-01
8.852529855481908738e-01
3.741311574655464822e-01
8.818361399643319665e-01
3.528958350117509246e-01
8.260037494209496733e-01
3.642050616647838357e-01
3.727621582074467366e-01
3.669670769678103905e-01
8.624043118316511158e-01
3.300163804913580634e-01
8.545914790928190730e-01
3.607280184731933570e-01
8.616114669636927292e-01
3.305014619261185116e-01
8.517992055513747829e-01
8.529830404100492425e-01
8.540315430974587674e-01
8.536426982776645911e-01
4.244806669346816719e-01
8.546031622457122001e-01
8.469245107235583436e-01
8.525939732893524914e-01
8.332945014044231824e-01
8.357564461076515405e-01
8.342948966222296647e-01
8.429961271116996890e-01
8.319023844029714843e-01
8.312596205733272514e-01
4.228116301395035137e-01
5.381815231052921034e-01
8.246992179540733048e-01
8.208544365041231528e-01
8.394989545481491566e-01
6.475436773135003765e-01
4.496662831051144726e-01
4.915023532140521123e-01
2.382933357474189551e-01
5.022462787743187107e-01
2.324285725197516861e-01
6.237121743496831794e-01
4.290482529980494952e-01
2.934417300408678209e-01
2.351662561174153732e-01
2.868681810453782566e-01
3.101697911218649351e-01
2.701487494687889734e-01
2.541661199589524411e-01
3.032874866022846616e-01
2.836985662291218180e-01
3.213572854473975005e-01
2.798405713857945454e-01
3.078937605217069162e-01
2.862978227037347168e-01
3.048308038572884460e-01
2.881763916680216697e-01
3.450406946240202055e-01
3.314373933714840348e-01
3.706729146254490459e-01
3.152854672786054024e-01
3.796906111354548807e-01
3.187247174569244335e-01
3.715912732685731079e-01
3.400108967901894763e-01
3.860740227590592211e-01
3.295527199642833693e-01
3.842389642318468912e-01
3.504169543395605491e-01
3.598976714725549142e-01
3.633414671463669476e-01
3.642684448566640976e-01
2.954506744988120159e-01
3.485668889848910768e-01
3.178036311975027672e-01
3.674412813213732143e-01
3.367133766327935485e-01
3.693687096061661901e-01
3.075125634600669455e-01
3.634434296121885621e-01
3.099954066698218380e-01
3.495683896586966322e-01
3.010542332549959177e-01
3.294896715500530426e-01
3.314879209550348760e-01
3.339116997004435428e-01
3.433548913534041347e-01
3.214241808048687865e-01
3.415759698453239013e-01
3.578528248645356236e-01
3.294518373611177164e-01
3.373602853920634193e-01
3.250409410335826088e-01
3.575681460097251962e-01
3.276063705551998106e-01
3.551300382046449489e-01
2.747491667782987479e-01
3.233256536399340408e-01
2.718760640315550647e-01
3.262410037956606779e-01
2.435443038194807786e-01
3.457441260073085276e-01
2.241943182649426269e-01
3.326835141641110161e-01
2.206628984868300725e-01
3.069920629683046132e-01
2.179526908608039326e-01
2.727209343057154234e-01
2.039274262378750757e-01
2.875813001301975591e-01
2.069559178640577590e-01
2.906778591451369964e-01
2.134316351795172428e-01
2.653259418318206775e-01
2.298730935331039227e-01
2.526859673787504867e-01
2.105460265376104534e-01
2.641271619832664674e-01
2.108296626018413278e-01
2.569898241366486147e-01
2.981653486732601666e-01
2.394539511841279333e-01
2.084188474766331955e-01
2.406025485098230998e-01
2.721810158860362705e-01
2.343885624143924318e-01
2.933723393193902185e-01
2.317034301814626662e-01
2.659736963916464747e-01
2.073878024232853612e-01
2.723433398202690370e-01
2.306683413389426507e-01
2.752569773263210395e-01
2.300987390875507410e-01
2.732700288717260229e-01
2.688034488238649766e-01
2.620044791279246832e-01
2.435304135552307514e-01
2.568809015701745135e-01
2.545311268908763136e-01
2.766818769363622588e-01
2.274958166404456028e-01
2.488380909054624945e-01
2.252811768846464391e-01
2.405153619722349978e-01
2.245119306065541664e-01
2.448551531939986425e-01
2.115569023268449866e-01
2.341391359042268583e-01
1.937308906871535452e-01
2.253555515068548232e-01
1.804662624475880106e-01
2.149494800708293685e-01
1.870615894244579414e-01
2.051431788379145527e-01
1.720547522370743376e-01
2.046697211165554586e-01
3.406468697011334479e-01
2.715289220588126273e-01
3.245909955826065119e-01
1.567796851989812223e-01
1.557665987219416515e-01
1.786774629097225287e-01
1.401112797414554301e-01
1.380954288937000785e-01
1.873683148336707793e-01
1.311123895446218990e-01
1.328611104136759868e-01
1.286076561052378331e-01
1.242526886035588696e-01
1.236470204650172988e-01
1.204841901769350132e-01
9.961385934565936129e-02
2.844132188616156354e-01
9.495031672104858878e-02
2.532802321863085737e-01
9.132886578733478977e-02
1.212173330285759576e-01
8.811702500804186045e-02
6.472162286644078666e-02
1.166231505908342791e-01
8.430920872830205415e-02
1.137417629786022788e-01
9.079483678690414283e-02
1.223294338905778211e-01
9.561427327908134099e-02
1.259406574946154711e-01
1.095859818155647813e-01
1.497744185895257818e-01
1.300112823556717201e-01
1.636034816801490432e-01
1.439567766009067773e-01
8.616755890879979063e-02
1.560065239582265617e-01
8.089210719533990179e-02
1.579284948312471570e-01
9.352342331360607997e-02
1.006543312740032503e-01
1.159846669286797027e-01
1.156301448354324357e-01
1.695921521690324507e-01
1.573883694984575810e-01
1.474973838118199820e-01
1.292998855984384132e-01
1.068858567964119377e-01
9.142773473465359846e-02
9.020330843875934423e-02
9.047678021078842114e-02
7.873510050675391891e-02
9.523425173618094153e-02
9.695947669110482892e-02
1.022355423962858501e-01
9.921359242423899438e-02
1.271386818405761954e-01
9.558311434447230859e-02
9.693800847777600538e-02
2.709193792182663652e-01
8.706683046340724097e-02
2.778779599490626140e-01
7.538929202212329983e-02
2.886206288928007124e-01
8.718366777151964619e-02
2.955373406406941461e-01
7.326028542342533090e-02
2.838885951213586667e-01
6.676507929890573845e-02
2.756946219505490570e-01
9.291363058175594603e-02
2.694665105238566172e-01
9.638628431248175144e-02
6.254356908936942183e-02
7.662126817791614641e-02
5.971938399587528590e-02
6.355086921966623947e-02
7.191863386441288419e-02
7.943909727073139582e-02
9.459837987544683635e-02
9.192202800481841241e-02
1.062404397753736740e-01
1.064266156635825800e-01
3.144226717436197083e-01
1.334636946530781687e-01
1.286988502090194997e-01
1.285313681903687000e-01
1.513302474301838618e-01
1.368644555803363305e-01
1.568005455946848148e-01
1.419942000430614026e-01
1.571427468737144340e-01
2.459044354262172050e-01
1.542603624610136004e-01
2.612926919048196295e-01
3.155591207375507690e-01
2.756449308318718039e-01
3.312382518984057223e-01
1.347261283219854944e-01
1.876030847613485708e-01
2.827050383823309643e-01
1.891167836485536657e-01
1.506189706365187453e-01
1.816076613368059478e-01
1.470732077747870514e-01
2.892047377527015017e-01
1.237968802107166644e-01
2.824001023701820934e-01
1.017946639828013478e-01
2.810082413374059840e-01
8.965713827654508972e-02
6.869599340482102079e-02
1.228256539889377441e-01
5.844183861957608084e-02
2.759680500296357586e-01
3.042021184434740011e-01
1.166735334823715275e-01
2.468446616245033587e-01
2.790835680086837245e-01
7.908372581800737766e-02
1.238403550966082900e-01
7.907489364801545406e-02
1.312657533236402108e-01
2.682914058531250534e-01
1.169456671523950719e-01
8.570007264362833332e-02
1.149443743802344153e-01
2.593551465156921365e-01
2.780014428545414251e-01
1.419457066029899961e-01
2.648957950762975688e-01
5.740963193951453825e-02
2.614660437333699017e-01
6.146002386759952252e-02
2.726286332854533923e-01
7.913520344887492453e-02
7.979899732884676578e-02
7.934396908363172685e-02
7.709724736689982372e-02
9.415410184897510248e-02
2.902047935065065198e-01
7.975724559117502999e-02
3.097625422358198932e-01
1.012563787389154646e-01
3.134022783548451319e-01
1.076346078006952256e-01
2.122469451230002413e-01
8.448392667899273789e-02
2.036239766912413263e-01
1.046857726250904896e-01
2.062011023469283444e-01
9.771535730703539979e-02
1.530966890704124062e-01
9.371868023980989282e-02
1.431706326615577174e-01
1.241715017467074356e-01
1.529046184724059954e-01
1.125493730194643272e-01
1.332251620156542637e-01
1.189775498439145096e-01
1.465535275574877394e-01
1.216093576932537612e-01
1.414311830989440910e-01
1.239082662105170929e-01
1.514900662474643056e-01
1.237827968870091055e-01
3.157762729068375185e-01
1.102625137982975456e-01
1.479771328279312348e-01
1.215976150934154898e-01
3.027601332440092996e-01
1.094554506339592281e-01
3.149567489890120475e-01
1.074515339666423097e-01
3.130698024593572271e-01
1.245043218921397798e-01
5.212451302248599649e-02
1.069017350129253252e-01
4.910782416637327064e-02
1.068865364594252521e-01
5.137186225715206778e-02
1.049126010327587899e-01
3.007594449606348919e-01
8.487995843544293706e-02
5.073783469068993135e-02
7.980712712289950161e-02
2.854684702234160376e-01
5.908639526037151590e-02
4.943652167666878761e-02
7.583370496812213979e-02
5.151031752827350818e-02
5.142955714486963092e-02
5.443540319611972489e-02
8.585144231320707142e-02
4.061763774069249155e-02
6.908097909558852390e-02
2.711057923876081244e-02
4.962779159047547850e-02
2.786507440499030874e-02
6.982537232095664681e-02
3.110154803877962504e-02
8.371994941455540573e-02
2.947275141674621235e-02
9.109917817052148870e-02
5.739729105459401293e-02
8.556561243919458271e-02
4.043898641798682192e-02
8.851172710480426087e-02
4.159480283311511872e-02
8.858136231556734685e-02
4.237006755990657680e-02
1.167220986447534692e-01
4.738972843534339230e-02
1.019311808998349944e-01
6.017946073700897180e-02
1.019262258905769825e-01
8.326068499622818475e-02
1.261319937495786192e-01
8.512908286340870045e-02
1.114948904862641532e-01
8.235095044609541670e-02
9.325276139670934938e-02
8.233149751958201978e-02
7.366230918296223784e-02
1.001997421304082758e-01
5.347253333142720777e-02
6.998140607014657899e-02
7.112202330133488015e-02
6.938854021091822588e-02
7.148461439796227612e-02
8.010695581508409102e-02
3.284176963127403148e-01
7.749277510812435654e-02
7.774081452454106866e-02
8.539874516408607619e-02
3.236304622007093457e-01
8.335936659481424371e-02
3.073737659198945149e-01
6.184296467238847850e-02
2.146321360381903132e-01
6.881301966216024635e-02
2.884321670224131440e-01
6.139693964858738973e-02
2.643868739417275515e-01
6.186828707370539693e-02
2.936442141826814956e-01
6.109091324247806210e-02
1.433947285079021361e-01
7.295942153556567167e-02
1.585593372414028090e-01
6.879431824670068085e-02
1.389685643387094105e-01
8.647318928911007507e-02
5.225826045330628222e-02
8.470784474310100176e-02
6.949454442146241195e-02
6.116872318886479309e-02
6.505066053709973595e-02
6.227244976758017359e-02
6.502597930524800507e-02
6.611509945986127068e-02
5.655938187649534044e-02
4.621217403659705347e-02
6.248015267879536427e-02
5.020577734255105007e-02
6.897885727468255901e-02
7.441655906019195577e-02
6.749120677220943332e-02
8.211569022043441191e-02
5.794509048931251183e-02
8.229896863747665492e-02
6.960070347356439591e-02
7.535847991993582795e-02
7.792626525732893050e-02
6.953660773885850244e-02
8.718193884853187026e-02
8.488575922101504467e-02
8.514517553328271315e-02
8.413137763562739124e-02
7.652977527542714764e-02
8.057504106625201779e-02
8.035482787979453256e-02
8.055374595329667375e-02
8.188770805625100735e-02
9.426598621505244413e-02
7.269203609219565543e-02
8.978495506685602034e-02
8.071866326980425832e-02
8.381955901633830752e-02
7.565619042817306461e-02
7.119741102879606487e-02
7.663511682505264044e-02
7.457263195214103302e-02
7.686591631852079942e-02
6.120023769665061675e-02
7.456565365184308902e-02
6.867004456525382938e-02
7.755588446994410301e-02
5.769727480648423334e-02
7.658902919360610628e-02
