3.377638781659677569e-01
3.643674918639910887e-01
3.924995592623979901e-01
3.730076001415750797e-01
3.995983936859291985e-01
4.053434840154886976e-01
4.231012436901741003e-01
4.374679213964982605e-01
4.497041421038170395e-01
4.555393113295095331e-01
4.598692315834567168e-01
4.474535540180156756e-01
4.683864746747654628e-01
4.889552327359028006e-01
4.908250295076781455e-01
5.066621690691710533e-01
5.163797128379081780e-01
5.143162965594973990e-01
5.131863832642251655e-01
5.191447486748019813e-01
5.242094738752394179e-01
5.216524844090311142e-01
5.242100993313036916e-01
5.247072902315038645e-01
5.174981385511772114e-01
5.270885678922414552e-01
5.294985251255339698e-01
5.336257310442868995e-01
5.162625913738286831e-01
5.163751856628058245e-01
5.290780142317712542e-01
5.286880397956654765e-01
5.320185144479965267e-01
5.289035412257807600e-01
5.309551123551276008e-01
5.370900146194341751e-01
5.443548387502354924e-01
5.547156353142264074e-01
5.580839247524698177e-01
5.638511815347870826e-01
5.673201109264220943e-01
3.101080758541777671e-01
3.252262758045401103e-01
3.160568472763778392e-01
3.244517586341266746e-01
3.305160942778190281e-01
3.358141116619380862e-01
3.258597730918639801e-01
3.117419812644520727e-01
2.878056628554777063e-01
2.885955715037592517e-01
3.064811819727648601e-01
2.990672174106784320e-01
3.119937390391969156e-01
3.031000614319175890e-01
3.023072260688564050e-01
2.955609502777154507e-01
2.772108843977999504e-01
2.600380676600477781e-01
2.529710562072927660e-01
2.534592758748233088e-01
2.546382679543132133e-01
2.450572683569304244e-01
2.108512693610391509e-01
2.162871557576420134e-01
1.844361051220655412e-01
1.991508854701328213e-01
1.964589925000298498e-01
1.835460713735401761e-01
1.913562203389004290e-01
1.665098173863994724e-01
1.796018610599959819e-01
1.744027844130989768e-01
1.730583726999994632e-01
1.924900084067865391e-01
1.947011169728076752e-01
2.089962769187246883e-01
1.999456396307546235e-01
2.310334528459262460e-01
2.383136095050141234e-01
2.530605465870845450e-01
2.551620846458197978e-01
2.683975834643077540e-01
2.585531793772840592e-01
2.509489368484463245e-01
2.399441024644056730e-01
3.030838086214882043e-01
3.054113004067015025e-01
2.977442686436461150e-01
2.888167088752116030e-01
2.954262190157765922e-01
2.824054840388636745e-01
2.927824149595505965e-01
2.997129584498001709e-01
3.032112777456277275e-01
2.978339691384109811e-01
2.965215092676416475e-01
2.900394682512161815e-01
2.925841296553336468e-01
2.889300147633355742e-01
2.967481210438895900e-01
2.797427956679503502e-01
2.822071987346467248e-01
2.771886921064891096e-01
2.657778449566708945e-01
2.708766099222496004e-01
2.451467311607646860e-01
2.723967972545795480e-01
2.832316728064342426e-01
2.794502945747271427e-01
2.826793066018299383e-01
2.983816142643435088e-01
2.958936058042879180e-01
2.957189258934301845e-01
2.720804849835668504e-01
2.708766099222496004e-01
2.502643804410306094e-01
2.465394493689551103e-01
2.661555312504174653e-01
2.447312762376434581e-01
2.540081958277935481e-01
2.437540129525741506e-01
2.516476564918774805e-01
2.367904219116218067e-01
2.483570646576104268e-01
2.603391623267203858e-01
2.646738849229900437e-01
2.667409450057246501e-01
2.400290818804986515e-01
2.548957586180979895e-01
2.535030404099074541e-01
2.402840201287775868e-01
2.495751029549431177e-01
2.246761340397006590e-01
2.647864184355862571e-01
2.542017600533386101e-01
2.590739132426693736e-01
2.723967972545795480e-01
2.481776636680808057e-01
2.533236394203778330e-01
2.773161612306286328e-01
2.495845451122867820e-01
2.526343619342903413e-01
2.335732254339063507e-01
2.532433810829567422e-01
2.428363375365116816e-01
2.425218114192260188e-01
1.940050037060060406e-01
2.046739682137910243e-01
2.318946114490034738e-01
3.046282461413332143e-01
1.686368709137032740e-01
3.108462106206215658e-01
1.952148215884663696e-01
2.076941991258112186e-01
2.215418277249781021e-01
2.104840082838188575e-01
2.144521482527064205e-01
2.266932723408534578e-01
2.174926119943219049e-01
2.176252178895948797e-01
2.161002500939559479e-01
2.107675987340509316e-01
2.401398045370093381e-01
2.414942790387258897e-01
2.549805521651180573e-01
2.535945669823825854e-01
2.550422161438647972e-01
2.458560658082397099e-01
2.470828195025575047e-01
2.430129969052740035e-01
2.469594915450640249e-01
2.431837586925725825e-01
2.446684375654744059e-01
2.671663030420659002e-01
2.576131297193049452e-01
2.587377813490405742e-01
2.481435175016980521e-01
2.493238259514041211e-01
2.561139377325889477e-01
2.464591910315340195e-01
2.477952562956624583e-01
2.518854762122723079e-01
2.623121594706377957e-01
2.545600453524092810e-01
2.581372364806975295e-01
2.584471959288286991e-01
2.723859557133814224e-01
2.566114693129798452e-01
2.630475172060650069e-01
2.735146192586460634e-01
2.649542129620428010e-01
2.774176020125251885e-01
2.920005254502635594e-01
3.061782012092005845e-01
2.867658750906453280e-01
2.840790406540676383e-01
2.674066222786363189e-01
2.680370009260477637e-01
2.841324456713599789e-01
2.751016374214360072e-01
2.869161832846702787e-01
2.793374888031627812e-01
2.743748491992139549e-01
2.820357890177997984e-01
2.833604462336341001e-01
2.885869288109583763e-01
2.856657470525708620e-01
2.919867681670619275e-01
2.720701351513321598e-01
2.698167417279385694e-01
2.815400136361895234e-01
2.796979112577699933e-01
2.648467605761853916e-01
2.636217126298053826e-01
2.636898657915642818e-01
2.687158735336013793e-01
2.327023107055488094e-01
2.483716289601350935e-01
2.373587590547890924e-01
2.241192938078420127e-01
2.414842831465379147e-01
2.818431309572267951e-01
2.342289154201134815e-01
2.448792926982048535e-01
2.395853543963900600e-01
2.194628454586017297e-01
2.327716030916981982e-01
2.193381191635328520e-01
2.327114227424316173e-01
2.393856230603820245e-01
2.485966652407187727e-01
2.523834782752988337e-01
2.526509997807867558e-01
2.521897558058074917e-01
2.432717093395385666e-01
2.190748080961650857e-01
2.351783586372876433e-01
2.600124536214564186e-01
2.508567607181173553e-01
2.468070386177990683e-01
2.388367427301566481e-01
2.268628491396940117e-01
2.039943728602202633e-01
2.189110030110508198e-01
2.309079588002624916e-01
2.216231175839291634e-01
1.972417610665232468e-01
2.798690067443153628e-01
1.958441918223359224e-01
2.914600678355452335e-01
2.862018865207812679e-01
2.864878577852684183e-01
1.904568621945776918e-01
1.904568621945776918e-01
1.987315791057063796e-01
2.239155001395762845e-01
2.472498328337792151e-01
2.472498328337792151e-01
1.939069671274229467e-01
1.965498951040542952e-01
2.369687046314905565e-01
2.371485897817324773e-01
2.011438850948481516e-01
2.294688775983271256e-01
2.251101220347726528e-01
2.070293582155839918e-01
2.383385992371790385e-01
2.342289154201134815e-01
2.213371463194420130e-01
2.471206845207849501e-01
2.604367980784374481e-01
2.656534674354533720e-01
2.460321487398338114e-01
2.471206845207849501e-01
2.528124351720295593e-01
2.528124351720295593e-01
2.581989241478034325e-01
2.496417022246782969e-01
2.422683979040026747e-01
2.634625585543016735e-01
2.590945781112476975e-01
2.565485113693618535e-01
2.550679182096783348e-01
2.574340998013221471e-01
2.511611817416036230e-01
2.615207214196387797e-01
2.583747623423960915e-01
2.687948184469676205e-01
2.358178789302607381e-01
2.283608236046701379e-01
2.246102115371649832e-01
2.147278500164578885e-01
2.495191531906773008e-01
2.536426743269922790e-01
2.543955993588010722e-01
2.592694630365144359e-01
2.687773106114464960e-01
2.860961956227078273e-01
2.976030837944459995e-01
2.343995756908557881e-01
2.354419870743090781e-01
2.542956280705853667e-01
1.975991687692504328e-01
2.058493304850776973e-01
2.431644691536819503e-01
1.989385898775960504e-01
1.929049939471032538e-01
2.135974724192892804e-01
2.205644228905591087e-01
2.179042332075916688e-01
2.124635670038184099e-01
2.344945639956282912e-01
2.212028684144712321e-01
2.070552857179247530e-01
2.070552857179247530e-01
2.178348369549926167e-01
2.151145038531059317e-01
2.164607911535294527e-01
2.260652325132516127e-01
1.963913949018555316e-01
2.034710782522345385e-01
2.196199448145144117e-01
1.992018376668042157e-01
2.003053435484475342e-01
2.219847328604216408e-01
2.005197336736109781e-01
1.923617717723212772e-01
2.086776955749006790e-01
1.700456452109619931e-01
1.923339288989380780e-01
2.032390543073742117e-01
2.102786607944370223e-01
2.088169099418168972e-01
2.005197336736109781e-01
1.660502564251582491e-01
1.801665932304615803e-01
1.453305181491295617e-01
1.803800552597331075e-01
1.868424705442126577e-01
2.058015267543001903e-01
2.046032847927548026e-01
1.804811473892906637e-01
2.032199861576118316e-01
2.154198473645422274e-01
2.090307657085805904e-01
1.923201480827054777e-01
1.854452926585498096e-01
1.949201943467535614e-01
2.082009179120314357e-01
1.999446507599019762e-01
1.933719241164468805e-01
2.003136459398854319e-01
2.109407071234085107e-01
1.967034676167661589e-01
2.204915195944150419e-01
1.861750926393319627e-01
1.782836705992543180e-01
1.751362739604249708e-01
2.487128297126871557e-01
2.417279412172272934e-01
2.582659264669847632e-01
2.207407407844701464e-01
2.729247104664848100e-01
2.812345271920616563e-01
2.838304740699485462e-01
2.808378972566701881e-01
2.700501253590193995e-01
2.930528059668326968e-01
2.803075495936695471e-01
2.859471797028890760e-01
3.030088768654609632e-01
2.952076907026897068e-01
2.710875332102057333e-01
3.055002564394246889e-01
3.228657069279795566e-01
3.102800000551776405e-01
3.063560387388150064e-01
5.433616677171151377e-01
5.339596381755428167e-01
5.333237575828314592e-01
5.350899814386809172e-01
5.328839947282244527e-01
5.327316416092586771e-01
5.303545215537861512e-01
5.249477330665430763e-01
5.105835487176374476e-01
5.089123196993438070e-01
5.232439963545872930e-01
5.208737864644952253e-01
5.335533553925494443e-01
5.193391199026269334e-01
5.218020198398640730e-01
5.318147821402305908e-01
5.423421142150255392e-01
5.205703600513426066e-01
5.167123288406830772e-01
5.091373923698612192e-01
5.007493042997300803e-01
4.949384405788409547e-01
4.925282966128523565e-01
4.737642022735040204e-01
4.781848919258105957e-01
4.795256733299207985e-01
4.365661179672783998e-01
4.563386070564334762e-01
4.682690281534326315e-01
4.822494844246554280e-01
4.648710117360764782e-01
4.608957678261207391e-01
4.463928446636712399e-01
4.332034748631152787e-01
3.977852433998295689e-01
4.018499487662257064e-01
3.906696288504524217e-01
3.751633988629730077e-01
3.740812707684714189e-01
3.544702754584576621e-01
3.828264760337428685e-01
5.380577429247930255e-01
4.692353260696847661e-01
3.442283007984502374e-01
4.946224638278572394e-01
5.079090461450783689e-01
5.031046827733565152e-01
4.981096410215086756e-01
5.066858993775346098e-01
5.121173471332440830e-01
5.039745630002956389e-01
5.154295248059093115e-01
5.024209991919720286e-01
5.087788262103516423e-01
1.000000000000000000e+00
5.267067726156655638e-01
5.276844073166739868e-01
5.096153848499734851e-01
5.036456796218121701e-01
5.246509268724798281e-01
1.000000000000000000e+00
5.326422118380423898e-01
5.458910839540046522e-01
1.000000000000000000e+00
1.000000000000000000e+00
4.560615023914479371e-01
1.000000000000000000e+00
1.000000000000000000e+00
4.976082744036145478e-01
1.000000000000000000e+00
1.000000000000000000e+00
5.072522985990790545e-01
5.193439868801905668e-01
5.134099620310699219e-01
5.253502820126026984e-01
5.267480580638194132e-01
1.000000000000000000e+00
4.842446713899871691e-01
1.000000000000000000e+00
1.000000000000000000e+00
1.000000000000000000e+00
1.000000000000000000e+00
1.000000000000000000e+00
1.000000000000000000e+00
1.000000000000000000e+00
1.000000000000000000e+00
1.000000000000000000e+00
1.000000000000000000e+00
1.000000000000000000e+00
1.000000000000000000e+00
1.000000000000000000e+00
1.000000000000000000e+00
1.000000000000000000e+00
1.000000000000000000e+00
1.000000000000000000e+00
1.000000000000000000e+00
1.000000000000000000e+00
1.000000000000000000e+00
1.000000000000000000e+00
1.000000000000000000e+00
1.000000000000000000e+00
1.000000000000000000e+00
1.000000000000000000e+00
1.000000000000000000e+00
1.000000000000000000e+00
1.000000000000000000e+00
1.000000000000000000e+00
1.000000000000000000e+00
1.000000000000000000e+00
1.000000000000000000e+00
1.000000000000000000e+00
1.000000000000000000e+00
1.000000000000000000e+00
1.000000000000000000e+00
1.000000000000000000e+00
1.000000000000000000e+00
1.000000000000000000e+00
1.000000000000000000e+00
1.000000000000000000e+00
1.000000000000000000e+00
1.000000000000000000e+00
1.000000000000000000e+00
1.000000000000000000e+00
1.000000000000000000e+00
1.000000000000000000e+00
1.000000000000000000e+00
1.000000000000000000e+00
1.000000000000000000e+00
1.000000000000000000e+00
1.000000000000000000e+00
1.000000000000000000e+00
1.000000000000000000e+00
1.000000000000000000e+00
1.000000000000000000e+00
1.000000000000000000e+00
1.000000000000000000e+00
1.000000000000000000e+00
1.000000000000000000e+00
1.000000000000000000e+00
1.000000000000000000e+00
1.000000000000000000e+00
1.000000000000000000e+00
1.000000000000000000e+00
1.000000000000000000e+00
1.000000000000000000e+00
1.000000000000000000e+00
1.000000000000000000e+00
1.000000000000000000e+00
1.000000000000000000e+00
1.000000000000000000e+00
1.000000000000000000e+00
1.000000000000000000e+00
1.000000000000000000e+00
1.000000000000000000e+00
1.000000000000000000e+00
1.000000000000000000e+00
1.000000000000000000e+00
1.000000000000000000e+00
1.000000000000000000e+00
1.000000000000000000e+00
1.000000000000000000e+00
1.000000000000000000e+00
1.000000000000000000e+00
1.000000000000000000e+00
1.000000000000000000e+00
1.000000000000000000e+00
1.000000000000000000e+00
1.000000000000000000e+00
1.000000000000000000e+00
1.000000000000000000e+00
1.000000000000000000e+00
1.000000000000000000e+00
1.000000000000000000e+00
1.000000000000000000e+00
1.000000000000000000e+00
1.000000000000000000e+00
1.000000000000000000e+00
1.000000000000000000e+00
1.000000000000000000e+00
1.000000000000000000e+00
1.000000000000000000e+00
1.000000000000000000e+00
1.000000000000000000e+00
1.000000000000000000e+00
1.000000000000000000e+00
1.000000000000000000e+00
1.000000000000000000e+00
1.000000000000000000e+00
1.000000000000000000e+00
1.000000000000000000e+00
1.000000000000000000e+00
1.000000000000000000e+00
1.000000000000000000e+00
1.000000000000000000e+00
1.000000000000000000e+00
1.000000000000000000e+00
1.000000000000000000e+00
1.000000000000000000e+00
1.000000000000000000e+00
1.000000000000000000e+00
1.000000000000000000e+00
1.000000000000000000e+00
1.000000000000000000e+00
1.000000000000000000e+00
1.000000000000000000e+00
1.000000000000000000e+00
1.000000000000000000e+00
1.000000000000000000e+00
1.000000000000000000e+00
1.000000000000000000e+00
1.000000000000000000e+00
1.000000000000000000e+00
1.000000000000000000e+00
1.000000000000000000e+00
1.000000000000000000e+00
1.000000000000000000e+00
1.000000000000000000e+00
1.000000000000000000e+00
1.000000000000000000e+00
1.000000000000000000e+00
1.000000000000000000e+00
1.000000000000000000e+00
