1.665425827318348651e-01
1.248711385970300292e-01
3.329565064160896481e-01
2.829888714207037248e-01
3.577397936330094508e-01
6.356059271344960404e-02
9.033755711695601320e-02
1.556752458439650821e-01
9.717778091092477144e-02
1.113623715866398634e-01
1.826173126254260204e-01
1.406016063901587287e-01
1.216584161133482667e-01
8.221393063363990894e-02
1.401936180410561228e-01
1.439701349962765331e-01
1.566781341189336096e-01
1.252113018820300017e-01
1.501693436168007878e-01
1.826831022071916388e-01
1.611819840767556578e-01
1.817365655555377435e-01
1.562278538754606760e-01
1.569827461148841641e-01
1.168137853171907770e-01
1.043149131707508115e-01
2.275719892647976028e-01
1.451011654174148013e-01
1.394714369094061102e-01
1.436872566094987702e-01
2.001177964842068002e-01
3.715473662319468406e-02
1.534217983317376355e-01
1.786749390502050394e-01
1.724320861226692481e-01
1.684132244454030758e-01
1.000000000000000000e+00
1.000000000000000000e+00
2.487471527751611289e-01
2.028319733371468647e-01
2.585714287005973500e-01
1.000000000000000000e+00
2.753120912269138021e-01
2.520427052984981486e-01
1.937620168196846349e-01
2.167832169433642209e-01
2.661912508306870651e-01
1.619565742713503509e-01
1.463627632638279108e-01
2.313459165568562126e-01
2.191101641327556360e-01
1.000000000000000000e+00
2.362451109873435762e-01
1.516629159057133469e-01
2.349257785096716677e-01
1.188521158108815090e-01
2.435562523086806097e-01
1.000000000000000000e+00
2.999951094211058544e-01
2.397260275451965628e-01
2.009332465561715075e-01
2.038293893271044821e-01
3.351360990262816086e-01
3.636381979775965556e-01
3.294883485656605604e-01
3.089953144050432421e-01
2.184397477786613750e-01
2.262144545023684339e-01
1.845178513788746644e-01
2.828456820946565475e-01
2.860863096898050850e-01
2.110114416163759721e-01
3.457529387124078646e-01
2.381606041675261576e-01
2.003466118203872659e-01
2.617289477482587223e-01
2.586482559935445735e-01
2.624339680896955462e-01
2.552632860273099658e-01
2.821912059811650941e-01
2.802254100301377893e-01
3.607319199920777653e-01
2.830509872647508640e-01
1.456880736557528699e-01
3.262902248145015394e-01
3.350432174882549408e-01
2.998223708741424298e-01
3.210155662999881754e-01
2.586483151851414197e-01
4.377630789033343239e-01
4.399041180796671169e-01
4.395929007224543827e-01
2.987971571080380029e-01
1.679651557671415496e-01
3.450752309153938269e-01
2.423986488771723291e-01
1.484680576439152411e-01
2.250871082593959294e-01
3.275937803954453997e-01
3.235822713181679688e-01
1.346801383303064537e-02
2.202763718633614642e-01
1.428571431343022002e-01
1.165067557220459404e-01
3.356771961987027320e-01
3.887152361976129455e-01
1.825354454581078478e-01
2.135219043309412035e-01
1.358984327192970243e-01
2.025690432875500990e-01
1.663424949495864169e-01
2.879502821705748339e-01
2.438494937156749920e-01
1.814521729899166713e-01
2.295582015712033241e-01
2.601922441552889653e-01
3.676200812940547680e-01
3.212279247786588021e-01
1.964608164209520336e-01
2.147058826154057964e-01
4.030729835075357315e-01
2.716374271135564289e-01
2.871287130788793274e-01
2.832579187682480182e-01
2.373350807882375069e-01
3.143197028061502918e-01
1.296426970525232925e-01
1.028653732933347831e-01
1.849607494887203218e-01
1.382142988348049606e-01
2.735171666947695535e-01
3.193325334821039974e-01
2.512731340046971962e-01
1.646217862780959829e-01
2.321343838435562246e-01
1.210302944822807536e-01
1.926409906490230695e-01
2.347826089448680209e-01
4.143068472054427520e-01
2.936563673167694732e-01
1.901905436873004840e-01
7.160849263459734271e-02
9.811469006358419787e-02
1.245217014232273822e-01
2.675738010758423879e-01
3.522167490258156786e-01
2.898386285647256422e-01
1.364769027653912614e-01
2.796772957050798203e-01
2.793914738088124627e-01
2.372232616079233969e-01
2.688455458947951460e-01
1.891738755754263090e-01
1.457366824725097043e-01
7.225653647844298977e-02
1.680868170546274687e-01
1.818847064062587560e-01
1.170212769556446819e-01
1.451512427683424589e-01
1.598328171939782383e-01
3.899425673200405118e-01
2.841136597646328754e-01
3.635359118219834151e-01
4.086320042249393936e-01
2.891180300700376682e-01
1.864821756180279344e-01
1.995831539458160497e-01
1.001674535316762205e-01
1.064874555173880299e-01
1.091532064049274275e-01
1.797571131593362903e-01
1.302238809215582327e-01
1.960084036428542120e-01
1.718582172675050534e-01
2.397353875272577595e-01
1.557081428923192679e-01
1.956117909657524301e-01
1.108847500324197100e-01
1.807375150177640277e-01
1.716113381230059964e-01
1.641956597167169019e-01
2.031295279617757465e-01
1.738681162027371219e-01
1.601153849384171490e-01
1.718582172675050534e-01
2.350718067631856201e-01
9.871977277028254338e-02
1.004583030115155928e-01
1.531751174609823352e-01
1.098109814623144942e-01
1.352313171059130736e-01
1.131007690205673155e-01
1.709469600340010054e-01
1.585249045503971388e-01
5.537593138163200424e-01
1.114318496312379780e-01
1.706329116923569478e-01
1.165841587802870505e-01
1.302293091434908456e-01
9.661244992188966485e-02
1.435091943979971418e-02
2.038369307738461256e-01
4.219535014649687943e-01
2.210300432399182613e-01
8.560212777611664325e-02
2.549833890480881493e-01
1.973898861119959269e-01
3.499243954343395080e-01
4.256208509853205424e-01
4.012359810020462714e-01
3.535309315032043598e-01
2.164982070005078141e-01
3.016472206152851498e-01
1.198833650316010191e-01
4.046812676282527388e-01
1.395984721179119870e-01
1.550032235674366765e-01
1.853676076989511090e-01
1.432437586646678751e-01
4.538898603387638842e-01
4.337912090504618678e-01
5.683257920179767275e-01
5.841584159999396730e-01
5.892509051833574318e-01
4.619349724575991800e-01
4.735170334814908788e-01
3.432627822736421530e-01
1.756627496666908206e-01
4.609317490584597943e-01
1.739981819798593898e-01
9.374766039170812082e-02
9.501430353663864459e-02
1.694444447328318226e-01
1.000000000000000000e+00
1.000000000000000000e+00
1.968973367105043559e-01
9.046608540027267775e-02
1.061185472011956232e-01
1.063019394020076058e-01
1.892995500683001264e-01
1.032347880341302204e-01
6.837224925767237949e-02
1.503981129643180426e-01
2.219744226846100954e-01
1.795808080115457450e-01
1.934867234834259930e-01
1.026490069454905063e-01
1.354876058514411508e-01
3.013622383766333401e-01
1.921591924257798345e-01
2.268422705466157652e-01
1.984140788097192853e-01
9.846164963848336171e-02
1.896903395791796898e-01
2.010840111107439210e-01
1.405437432886104121e-01
1.820796828625955710e-01
1.201248052906040975e-01
1.378256842752305644e-01
1.356358395386474402e-01
1.250000002952091904e-01
2.947396248436751076e-01
2.696887279330043574e-01
1.500498507311233132e-01
1.604533755189229138e-01
1.741241032875601169e-01
2.393703533807591821e-01
2.337892606275996377e-01
2.448120303023122446e-01
2.313734292999962694e-01
4.983653117471796845e-01
2.020985000435915335e-01
2.480000002088889044e-01
1.884784924187632438e-01
1.862999483404544909e-01
2.104338663825652267e-01
2.309916654672020675e-01
1.670588237907266738e-01
1.682785302580275255e-01
2.408807411198636839e-01
2.516138543105044256e-01
7.997213546500447912e-02
1.308243730483126255e-01
3.933720278994657926e-01
1.697802381569700758e-01
2.324055359252353847e-01
1.140529534679215473e-01
1.000000000000000000e+00
1.954030289230124229e-01
2.071970674018532854e-01
2.340610480311386965e-01
1.975631270383291227e-01
2.331689348050481891e-01
1.704131133539161791e-01
1.819308467028346588e-01
2.691049312721708331e-01
2.021023406048848559e-01
1.157879084123640823e-01
2.184400967507236224e-01
1.299928676426559404e-01
5.126520342478255721e-01
1.000000000000000000e+00
2.505154949494918792e-01
2.345183488548653328e-01
1.233737858865183723e-01
2.461994079479435937e-01
2.642939530773071866e-01
1.669905201769444902e-01
2.526124490990991900e-01
2.751677854359177999e-01
2.088176471176504956e-01
1.812227076718757601e-01
1.414703601017763823e-01
2.210766021819606797e-01
1.936507939042430015e-01
1.242272381299238670e-01
1.283395662406647819e-01
3.191565726576472972e-01
2.589455433157883402e-01
3.916286911194116760e-01
2.422870676083686003e-01
2.704081635134666373e-01
2.680695336334892875e-01
2.687826438767970672e-01
2.166515587418410549e-01
1.120892022036057423e-01
2.242338114111981362e-01
2.229085149490965811e-01
2.601865490733350494e-01
2.272713290381591644e-01
1.663432217705254068e-01
1.922446753166833222e-01
1.982350867637715508e-01
2.656052812783207262e-01
