1.000000000000000000e+00
3.738244522285469884e-01
4.691062639421446079e-01
4.533947072581578919e-01
5.374773555961533944e-01
4.996413205408400948e-01
4.436576737350046429e-01
3.851239677239364223e-01
4.242424249693909077e-01
3.989898997126143376e-01
4.345718909066075275e-01
3.748949294271575194e-01
3.877551028738025485e-01
4.785774300215941413e-01
2.971835085697103196e-01
3.069495453461857926e-01
1.000000000000000000e+00
2.890909101680440019e-01
3.813131321810983021e-01
1.000000000000000000e+00
3.308249730618381124e-01
1.000000000000000000e+00
4.135802477179969516e-01
3.579136700271078331e-01
4.335260126521656154e-01
3.339328547153284088e-01
4.291564299356314116e-01
3.535773719445682861e-01
4.522575876483375668e-01
4.991115065536300133e-01
3.369369378559432526e-01
4.705882360427202649e-01
1.000000000000000000e+00
4.052527112456058012e-01
1.000000000000000000e+00
4.424242431922530416e-01
4.280748670747661633e-01
1.000000000000000000e+00
4.115786152932954245e-01
4.313369639574455849e-01
3.633952264023058154e-01
4.954954961267573621e-01
4.102926630704188948e-01
3.998090309646582519e-01
3.741239900618275049e-01
3.544800531661477239e-01
5.841995846112270074e-01
5.684568036845076833e-01
6.057289994574305281e-01
5.687247552582518351e-01
5.869730144283373807e-01
6.130764375520356690e-01
6.286866118940307446e-01
5.874337626916787958e-01
5.206321339764792278e-01
5.355450241552675017e-01
4.577553600163299929e-01
2.988568327451593953e-01
4.101995572675540824e-01
3.655322569433571145e-01
3.342435834688765040e-01
3.117527641419436391e-01
3.532934138190684248e-01
4.470598611945165723e-01
4.497998960763877063e-01
2.994350288869737087e-01
2.221135038868474743e-01
3.908893714612673431e-01
3.580812985115233715e-01
2.363108917728624636e-01
4.742740706353323343e-01
5.368083006813189062e-01
5.916690282846874815e-01
6.373421199135957949e-01
5.016474468000773346e-01
4.003176290097218981e-01
5.902224339299260158e-01
5.887305701903375876e-01
3.227651742071309116e-01
3.309133725783249824e-01
2.341876816513148718e-01
2.804819744855293617e-01
4.061701044774415070e-01
3.164206648372502872e-01
4.480221675444083784e-01
5.270879556808931721e-01
2.038366491657800372e-01
4.371425983142936955e-01
1.000000000000000000e+00
1.000000000000000000e+00
3.145252670354347080e-01
3.366889272035393788e-01
4.043799832827009721e-01
3.571428578093065465e-01
1.973106487413409660e-01
3.752247758489263285e-01
3.899087077747043217e-01
3.324303412031439642e-01
3.126956529707876076e-01
2.484848492981766022e-01
4.501408455129650710e-01
4.814365676479136491e-01
1.000000000000000000e+00
4.164506040085376171e-01
4.094631488539917097e-01
4.054716215553518799e-01
1.000000000000000000e+00
1.000000000000000000e+00
2.968322259514741823e-01
1.000000000000000000e+00
4.413033067165277323e-01
5.128881677360582758e-01
4.207145730422374719e-01
4.357262108739322626e-01
3.534482765587841913e-01
3.831668753816407369e-01
3.325917693742026504e-01
3.655032697619455817e-01
3.739565949045106086e-01
4.243529915788264439e-01
3.771178001025335957e-01
2.796130500364175653e-01
2.146242392071493477e-01
4.049922606375848666e-01
2.267801867559594564e-01
3.030713038789455416e-01
4.626391102318768711e-01
4.722336070981213441e-01
3.876050427315533842e-01
3.110859736299932399e-01
1.000000000000000000e+00
1.000000000000000000e+00
3.301770671999080253e-01
3.111753378505054402e-01
3.135741491061292407e-01
2.563078224807529004e-01
3.836666378436555114e-01
3.829981724104221108e-01
4.858705564880495542e-01
4.258134314506004658e-01
3.726053644854682156e-01
3.945194603697224078e-01
5.158380839051603939e-01
5.852384064961688726e-01
6.662559048745861912e-01
6.426914154974522342e-01
4.902789521764729930e-01
5.276243097105347557e-01
3.974655951781812524e-01
3.534858809570017302e-01
3.274021357299805590e-01
3.063583820676069047e-01
3.823796553266881615e-01
2.083051998579462660e-01
4.304979256804344345e-01
1.000000000000000000e+00
1.000000000000000000e+00
1.000000000000000000e+00
3.692865110303187315e-01
3.290410035045469028e-01
4.080010964460877299e-01
4.125370609822553991e-01
3.770099961053092752e-01
3.678424191725130354e-01
3.851798470908865957e-01
5.906806762778019637e-01
1.798434450295073317e-01
3.941031945285340399e-01
5.208801611730271564e-01
5.049692911753381752e-01
3.732869569577134117e-01
4.481854564314988743e-01
4.872501239759482461e-01
4.679278549851316749e-01
4.372919679474395194e-01
3.883495149813007696e-01
4.590438919072938884e-01
3.266174171131874804e-01
1.000000000000000000e+00
1.000000000000000000e+00
3.376818871569812197e-01
3.257678034713400450e-01
1.000000000000000000e+00
5.183117770467584595e-01
1.000000000000000000e+00
4.563843240227669629e-01
4.425164193276761582e-01
4.392138219692393042e-01
4.379439497365723577e-01
4.322339344221461932e-01
4.724224266198145950e-01
5.346376525356772991e-01
4.993097739513322475e-01
5.202216468622469225e-01
4.682487729392399434e-01
4.536639530320769609e-01
5.053737474306401189e-01
5.965138801085889675e-01
3.399313808921162749e-01
1.000000000000000000e+00
1.000000000000000000e+00
1.000000000000000000e+00
4.056296302166620960e-01
4.557926834148200435e-01
4.412719018807157445e-01
4.558985672033273318e-01
3.496332524016475540e-01
3.769063186484147288e-01
4.885829696739073524e-01
4.582010586788349826e-01
2.711941667374724307e-01
1.682184986879593502e-01
4.144189825446977782e-01
1.000000000000000000e+00
1.000000000000000000e+00
3.684250827896600189e-01
1.758467707219490972e-01
1.474654387953852064e-01
2.101473366454554847e-01
1.823330932967786033e-01
4.576271191154913653e-01
4.490284806591886557e-01
3.784213319985684221e-01
3.692486900996350130e-01
3.702874854791810000e-01
