4.862500004939903642e-01
5.491139244311274981e-01
5.917291561424535828e-01
5.869194877513372877e-01
5.668242375255521104e-01
5.956494372276355254e-01
4.977848105239044418e-01
5.322144790696810013e-01
5.877768665656433189e-01
5.864135867087101328e-01
5.779904309104644256e-01
5.883413464287250427e-01
5.939628486114838513e-01
5.265265269573877749e-01
5.663924798279016404e-01
5.380875207272208804e-01
3.572228451446772812e-01
3.658159327586801846e-01
2.152466379443248590e-01
2.063730659756904950e-01
1.374190504858331385e-01
2.069672142755163424e-01
3.190583863292214550e-01
3.190406012072348751e-01
4.883543342035563395e-01
5.582758624497621280e-01
5.633802820476740969e-01
5.891318757167132159e-01
6.070044603297474195e-01
5.790543978654554280e-01
6.285753389704562544e-01
5.726061275088568658e-01
5.475375483426213608e-01
5.355231870277027406e-01
4.855806707049253879e-01
4.780867292011963254e-01
4.656272151621173583e-01
2.832646812115483526e-01
4.606232299710828482e-01
4.454670066130144157e-01
3.630573254746642942e-01
3.110410101881797562e-01
4.099422907664854732e-01
3.309218210841051722e-01
2.705949665096166745e-01
2.944393809315868360e-01
2.327469562102537637e-01
3.218085113898397909e-01
3.666065159401590279e-01
4.760978775918830452e-01
5.004014895244897065e-01
4.861715572889431236e-01
4.543160796281703329e-01
4.811800614146344302e-01
4.337922407728057594e-01
3.870446802556569699e-01
3.015254433787712962e-01
2.421680765263947155e-01
2.711178562580704998e-01
2.557041709209229019e-01
2.225677488189430342e-01
2.705664684449665680e-01
3.264446500902400405e-01
1.760563391026912505e-01
1.356862756396257641e-01
1.981498410254113329e-01
2.284669113973318844e-01
2.390364430316692657e-01
1.688557327215973736e-01
2.037883744787847284e-01
2.273846851462330010e-01
2.139126809965399278e-01
2.385428916115829301e-01
2.053602924587277778e-01
2.634991623661272486e-01
2.150305654859995252e-01
1.771240244419872711e-01
2.235413848670947390e-01
2.127098076504699842e-01
2.848101272681144991e-01
3.038007642278716114e-01
3.087161877984403446e-01
3.087161877984403446e-01
2.075648648457175671e-01
2.602898557871595742e-01
2.294172070825190035e-01
2.673286998338344489e-01
2.479591843710953203e-01
3.214125264431552109e-01
3.269214830222025858e-01
3.106073286677201173e-01
3.661278993002827775e-01
4.725622629291105214e-01
5.080771238680286128e-01
5.050505054181145814e-01
4.310099577753990774e-01
4.966592431620591164e-01
4.526156183534532085e-01
4.033630075139831295e-01
2.103331078037619095e-01
2.879884235127109227e-01
1.860658015122119702e-01
1.424561415544475240e-01
2.515007513112796911e-01
4.375451269339399873e-01
2.535420483848924711e-01
2.180991151327518196e-01
1.362752259466627480e-01
2.213768570114408307e-01
2.055267712737147701e-01
2.526539286946757334e-01
2.291666675791114161e-01
2.551113435927707673e-01
1.851074997573315395e-01
2.607629102652239128e-01
2.245266015399631776e-01
2.634244003021379843e-01
3.791151191244337415e-01
3.234212469019425162e-01
4.389737108691176282e-01
4.226128926037462374e-01
5.101918469422817015e-01
3.975213680363065549e-01
3.953133782238075211e-01
5.393948256545864073e-01
5.454901350254539594e-01
5.240893070475254323e-01
5.106710674655877691e-01
4.263788973410240768e-01
5.448916411604156629e-01
5.713994152177703789e-01
5.870758125725084042e-01
6.357606932622085205e-01
5.547860672279305572e-01
4.652414415718033602e-01
3.628889252273989063e-01
2.421943398091680466e-01
3.852715388254464024e-01
4.074074079154600403e-01
2.960122706584741303e-01
3.687392061324705761e-01
3.150267605475284283e-01
1.824732881781883087e-01
4.172017219944953448e-01
3.694420848417997449e-01
4.705414016251715514e-01
4.980771474781043873e-01
4.879803577411178095e-01
4.207513856050956180e-01
4.615069378481898577e-01
5.398368535367992216e-01
5.339677189026934556e-01
5.977505791169088756e-01
6.175782811740271327e-01
5.485535289303153927e-01
5.836198814731978768e-01
5.165137617636001988e-01
4.486539681952246283e-01
3.967395391805728089e-01
3.934825985417257366e-01
