5.000000045787544867e-01
4.565217447565036446e-01
4.691607738204168765e-01
4.556097614086852543e-01
3.201581094846036590e-01
4.090909151953417977e-01
5.036363681487603383e-01
4.973776267711745858e-01
4.438827154309128442e-01
4.907407454561042437e-01
4.166666720679012004e-01
5.200000042666665934e-01
3.964671305547876612e-01
3.623188467408806623e-01
5.227272774434064129e-01
5.609090949008264104e-01
5.146612789215239125e-01
5.227272770661156587e-01
5.377777818864197812e-01
5.862884193357886797e-01
5.520000039822221538e-01
4.912790746969081246e-01
5.260416707808882597e-01
4.090909154860290498e-01
4.130434840608351310e-01
5.217391345935726843e-01
5.434782648393194915e-01
4.630681869027634123e-01
5.036363681487603383e-01
5.374653141770091569e-01
5.289855115128123675e-01
6.000000033333332539e-01
5.217391347668556278e-01
6.068376101979691128e-01
5.706666704829629344e-01
5.571658650791797562e-01
5.769230804605093299e-01
5.748792304760126370e-01
6.217494119641495676e-01
5.510204119811189516e-01
5.360065504418449756e-01
5.434782645452636007e-01
5.078125042724608296e-01
4.834782653610585346e-01
2.989130498286861615e-01
3.509615436621671414e-01
4.787234088765655038e-01
4.461805603630160100e-01
3.888888945473250036e-01
4.970845517705207994e-01
4.779050779222170364e-01
4.562647796984651283e-01
4.382978771208690949e-01
4.711538503913954568e-01
5.476923111715976678e-01
5.296000037631999335e-01
4.570212812168401584e-01
5.064102603653024559e-01
5.092307730059171256e-01
5.177626642648325284e-01
5.437037070836762132e-01
5.700808654307218948e-01
5.437037070836762132e-01
5.143288121091340592e-01
5.612535643785359074e-01
5.835023692799028439e-01
5.111111147325102522e-01
5.565610893170355178e-01
5.972222248860963312e-01
5.455840488206264993e-01
4.665551884067291599e-01
5.174825208567656043e-01
4.618867965140619480e-01
4.362745144095219185e-01
4.618867965140619480e-01
5.132867166903026801e-01
4.589090948442974272e-01
4.661921746178492310e-01
4.677197838755509096e-01
4.675925967006744344e-01
3.055555601484420958e-01
4.987179519312952003e-01
2.695312547556558691e-01
5.012468859024508117e-01
5.238095266439908304e-01
4.891826953775078035e-01
4.809437417970735540e-01
5.189586897625427797e-01
4.624060184059772816e-01
5.032144973511718522e-01
5.166757817568300437e-01
3.857216261647579136e-01
4.724137961355528992e-01
4.894327058429771560e-01
2.304900228040530630e-01
2.903811295197753495e-01
3.543432237587752498e-01
3.500000033854165915e-01
2.933333372592592525e-01
2.871345070927806553e-01
3.032258101977106657e-01
2.591594867502182709e-01
2.596509822334691631e-01
2.741935522892819943e-01
3.181818216253443632e-01
3.055555590628507012e-01
3.571428603316326722e-01
3.195564550425581407e-01
3.764172363881305161e-01
5.524691377757093846e-01
3.777777804368471770e-01
3.500000029017857894e-01
3.323996296339887246e-01
2.273673297223344214e-01
3.051470620167874293e-01
3.156682059185798028e-01
3.956925701195415090e-01
3.667763183931895821e-01
2.810457549904493701e-01
3.158371071681579378e-01
3.353846183060017472e-01
3.754208780495754683e-01
4.148606833790221549e-01
3.565954039669407827e-01
3.765182211476995056e-01
4.180602028314374108e-01
4.288368657419663332e-01
3.488943515606292012e-01
3.866039977022953655e-01
3.570608520587033041e-01
4.270833353226273221e-01
4.670542652872924361e-01
4.430217687483298805e-01
4.418604668469443553e-01
4.318181836116851136e-01
4.577777793843621490e-01
4.518840595597564125e-01
4.269696987061524229e-01
3.906633925348176328e-01
3.782894755433927614e-01
3.412162182395079846e-01
3.634719729853165271e-01
4.295442655066938897e-01
4.010840124631870340e-01
3.690349963705329417e-01
3.478260886443425015e-01
3.009834386620511282e-01
2.654566101376727438e-01
3.074866328676828520e-01
3.125000014322916186e-01
3.538928226645783326e-01
3.747779765213632430e-01
3.781818195950412687e-01
3.201388904626414345e-01
3.729216165559886553e-01
2.628205143956826584e-01
1.956521756616256269e-01
4.161538472766271868e-01
3.990634765885128221e-01
3.972602751193677895e-01
1.000000000000000000e+00
1.000000000000000000e+00
1.000000000000000000e+00
1.000000000000000000e+00
3.049572661453722189e-01
3.962980550604365826e-01
4.145683463766756116e-01
6.522045861513146026e-01
3.453453465017746193e-01
3.478260879692141039e-01
4.482456148417461872e-01
3.684210536388818902e-01
2.975366740969600521e-01
3.340623300518557048e-01
3.881769334598637045e-01
3.370666675505777921e-01
3.776939663554768067e-01
3.755242097146724856e-01
3.480833238652984996e-01
3.466271657399416783e-01
3.472222229196343379e-01
3.169129728331548934e-01
3.627450986639754182e-01
3.661579812206948725e-01
3.092729194684993299e-01
3.341869404296808899e-01
3.744440648525110271e-01
3.482645605947856104e-01
3.664694285077164659e-01
3.526785719355587378e-01
3.502906981714422052e-01
3.924050637306292222e-01
4.018518522621042921e-01
4.275852917645126539e-01
3.550270274918724267e-01
4.124403152584589227e-01
4.660939292863149896e-01
4.113082043537150678e-01
4.503821055110268645e-01
1.534084447744347157e-01
2.520703937618683499e-01
1.821046003034527683e-01
1.675440842486357607e-01
1.965004026566269379e-01
3.082993200415875545e-01
2.287765736408200468e-01
2.228656076744476300e-01
2.595901434246802308e-01
2.440965544673358023e-01
2.376864188884867390e-01
2.859322553837609915e-01
2.735497607870638337e-01
3.154639178025211432e-01
3.299246504190663787e-01
2.410370373181344172e-01
2.744425388423867851e-01
3.148305086819520593e-01
2.294604438167956451e-01
2.051178453854821671e-01
1.760658885403149077e-01
2.103722294468448606e-01
2.267507734247632412e-01
2.545867554154037649e-01
2.129812588428893205e-01
2.193281841748014882e-01
2.246173166632932094e-01
2.057091884609845156e-01
2.312854779945349160e-01
2.162424244799265871e-01
1.939532755553662335e-01
2.736770385891219570e-01
3.128221480118970055e-01
2.398161501923168348e-01
2.151875740408795146e-01
2.661538463629191664e-01
2.585660814112968886e-01
2.306432750787593688e-01
2.005657537125831169e-01
2.152477154836317519e-01
2.203369030651600724e-01
1.814569539068140447e-01
2.050884271780675228e-01
2.467428714212318575e-01
2.418450563067516823e-01
2.527815735399890906e-01
2.485620243878837732e-01
2.364018834564085569e-01
2.322448982203249024e-01
2.227991749577719061e-01
2.437053269481320728e-01
2.490922297570471455e-01
2.017429196798319335e-01
