5.444363157334664027e-02
5.026564468861838275e-02
9.055301716231367593e-02
1.006732042972323660e-01
7.696178673471876230e-02
3.998470735018166966e-02
4.985382395757687046e-02
8.919560727539466161e-02
1.394651848751811141e-01
1.216584836128123959e-01
9.890077445218947716e-02
1.037344400977798786e-01
1.724195110757442695e-01
1.509003299374700457e-01
1.702971971264503059e-01
1.626549130877659177e-01
1.160011921585217820e-01
1.518072291711425326e-01
2.295561745668136533e-01
1.773874676435095443e-01
1.012114109774818749e-01
1.550882465827759793e-01
1.052446324342237727e-01
1.725951042487660070e-01
9.155092618878746258e-02
6.939059000249137021e-02
8.653846179986890430e-02
1.076188011663878896e-01
1.815891149611991162e-01
1.473873876237319358e-01
1.290825113752542830e-01
1.760829909396132154e-01
1.530206463057633970e-01
1.429820250387964231e-01
1.315453386729605878e-01
1.150405111728273200e-01
9.289617510401193545e-02
1.504551867802398357e-01
1.619807729361818494e-01
2.113766661178426709e-01
1.751519459112396149e-01
2.020090408834734896e-01
1.019565758270848388e-01
1.218516919463162873e-01
1.557448381752210009e-01
1.227360844301479403e-01
7.270908055457103725e-02
1.214729397171464553e-01
1.488799183679555549e-01
8.850908465128892733e-02
1.056137014947918784e-01
1.405763462773662598e-01
2.071119656129233322e-01
2.185328187339684591e-01
1.182004092383912575e-01
7.537125271073941146e-02
1.202346043401134601e-01
1.754453615137284705e-01
2.797043236090357432e-01
1.926030404867046242e-01
1.882034183023647556e-01
2.562946846813038970e-01
2.983332458861315262e-01
2.301184435231868886e-01
1.021261766288701356e-01
8.844156251989754303e-02
1.035641252984037530e-01
1.132332881101543176e-01
1.459074735398718792e-01
1.393310391645163904e-01
1.308928103421405087e-01
1.804847765785020375e-01
2.191124560718324954e-01
1.971335307566220996e-01
1.364436622021865109e-01
1.529105128207591813e-01
1.464728058302443570e-01
1.763234683406077474e-01
1.551362685898159954e-01
1.192582976114341387e-01
6.622516585738724704e-02
7.885554809399997200e-02
9.426462265939028473e-02
1.712509422345984689e-01
1.892185241228839798e-01
1.934179079507820642e-01
1.850406801605902762e-01
1.552322193095643232e-01
1.525306943270700044e-01
1.863149219302265847e-01
9.920933763202521849e-02
7.129455938983908503e-02
7.884832546768028028e-02
1.541178660364014297e-01
1.390738735824457173e-01
6.061180065643467785e-02
1.407407410059442476e-01
2.781537395806138457e-01
1.720527995229699236e-01
1.629863931836398327e-01
8.348151077921661667e-02
1.267123290294664972e-01
2.491255131932891276e-01
4.449240094942550350e-01
3.719721511937407188e-01
3.594933024268363031e-01
3.611232998485878198e-01
3.453521128436999321e-01
2.654790356111560445e-01
2.227523146411222177e-01
1.872194043533266239e-01
1.964968155192540200e-01
1.583242497250320069e-01
1.309823680187771622e-01
1.076045291053447928e-01
1.646044886751986125e-01
2.094255440018334413e-01
1.986800497184986192e-01
2.039669072963601337e-01
2.013726409812893747e-01
1.884125506916194404e-01
2.800177228085680703e-01
3.308981146745487711e-01
2.700179534961059113e-01
2.914639139361808740e-01
3.249918399902096411e-01
2.918134997533629038e-01
2.919445871328083530e-01
2.729498165794492781e-01
2.666666668477366553e-01
2.471482891642210467e-01
2.218218432457682576e-01
1.963875995954358356e-01
1.480055790382133196e-01
1.454669628520098845e-01
1.663265903438679860e-01
1.375914878640864814e-01
1.596758820425180359e-01
1.907282789918564037e-01
2.007148751410763321e-01
1.818946977206600257e-01
1.655502395006219762e-01
2.459016395797340993e-01
2.419547082234632107e-01
2.261185008508500571e-01
2.703349284624131377e-01
3.422575978828216181e-01
3.908484272493721878e-01
3.884125015828691074e-01
3.974815145945734818e-01
2.755434462845633981e-01
2.242934458135017461e-01
1.846417513501182883e-01
9.513060332307943234e-02
6.961195625668192832e-02
7.859649153597447757e-02
1.204383200662665354e-01
2.893853709249315509e-01
1.631093120119484485e-01
1.885750965376844501e-01
2.429665074185114459e-01
2.579757087423560913e-01
2.406349208886766622e-01
2.094757855483854181e-01
2.233491739756900962e-01
2.301935210698194956e-01
1.934104174876181137e-01
2.110234473419181356e-01
1.908376966376822415e-01
2.106244178152378854e-01
2.505151607114677326e-01
2.680265136162791606e-01
2.979550693771763070e-01
3.366204789142989151e-01
3.095351132784811554e-01
2.649236817043509884e-01
1.977486229348176527e-01
1.325464161922429440e-01
1.518151818770351325e-01
8.956796668002808826e-02
2.971540181839871231e-01
3.175853021571122259e-01
3.704121967954017158e-01
3.650793653793086291e-01
3.533588206110691576e-01
3.332732031508643944e-01
3.888967638134198657e-01
3.786527517179066882e-01
3.733269829133950557e-01
3.761371758151287326e-01
3.658536588398595413e-01
4.246796395706313731e-01
3.412602945584989333e-01
3.232806181853251637e-01
3.164058843266157606e-01
2.733802820312768445e-01
3.761454958521802672e-01
6.467782707841950307e-01
6.560823756436386933e-01
6.088867955688150868e-01
6.817126890154346919e-01
6.538178474453459899e-01
5.934621101567795209e-01
5.853658538746269180e-01
6.516337824138043189e-01
6.363530914996211596e-01
6.406321841145792284e-01
5.531281035235969812e-01
6.357439558868123175e-01
5.263157897152612730e-01
4.628588792025627452e-01
3.535754250058105175e-01
2.694763732978409099e-01
2.869141696302797140e-01
3.077592833250912818e-01
3.161177262429164525e-01
2.898933419851437154e-01
4.584691820843196375e-01
4.966039710049090505e-01
5.049111810319169003e-01
5.091061777625013329e-01
4.459665147504505711e-01
3.759512940870459730e-01
3.733256595995575466e-01
3.893286893659865244e-01
5.340872891929024924e-01
6.431453755744157563e-01
5.694488692951849007e-01
6.172441581427643431e-01
5.103948431316707168e-01
3.883964548007540207e-01
4.593161942966783595e-01
4.492993022596583064e-01
6.619253652450376446e-01
6.949336814008840735e-01
6.945311218620839888e-01
7.430906390574092413e-01
6.857428352247159076e-01
6.867373003089880523e-01
6.642918211910839865e-01
6.378091874521014670e-01
6.565800067923568406e-01
6.819607197656594177e-01
6.618768654460722711e-01
6.577871119388818411e-01
5.938593084260399557e-01
6.802208837125049978e-01
6.581675541282333564e-01
6.691510228808343896e-01
6.410877155494383306e-01
6.307483457035192309e-01
6.426741208696283847e-01
5.594847493258690019e-01
4.292063495687579167e-01
4.603174606743931641e-01
4.557640754317935361e-01
4.686329025331603670e-01
3.975302782014187297e-01
2.072339903336838374e-01
2.521023443358368921e-01
2.315041365306395038e-01
3.355405872042809268e-01
3.407907856125867996e-01
3.151703477332313819e-01
3.432350637018074524e-01
4.042311195380851041e-01
4.030400740424688877e-01
4.035301957129605599e-01
4.357234767600166592e-01
3.648694862846976195e-01
2.975522253934654859e-01
2.741365557539401365e-01
3.043045974357793115e-01
5.885035583900453116e-01
5.628208325129225864e-01
5.385204474710162392e-01
5.160870003427447950e-01
4.898269058154535172e-01
4.815043794531146393e-01
4.637335273094669308e-01
4.449273828872429837e-01
4.327272730262307077e-01
4.341705330164931098e-01
4.574358420826672988e-01
4.299725174166231234e-01
1.470383280214643262e-01
1.627358495382329462e-01
1.781969459891742380e-01
2.649051494665169981e-01
2.197898428087839973e-01
2.969150243362762565e-01
2.925581655065407904e-01
2.945422731627790336e-01
2.331961595428279077e-01
2.682873773490578317e-01
2.327268793411702008e-01
2.746778806002060369e-01
2.975255201231759017e-01
3.040043293809500113e-01
3.482758624201099940e-01
3.512931037977946591e-01
4.003232761851706067e-01
3.976293106693807866e-01
3.920258623965378053e-01
4.109808105485176499e-01
4.336206899603336495e-01
4.428879313346508750e-01
4.191810347956999028e-01
3.808189658508518427e-01
3.331896555316865571e-01
3.017241383072606364e-01
1.844319033199701696e-01
2.071091025235725080e-01
2.032664104841015451e-01
2.806949810421356384e-01
4.858812076504960276e-01
4.920875582810160243e-01
5.108495772752622566e-01
5.017093619155578166e-01
2.253432951186011834e-01
2.347022929099858990e-01
1.892417945725728412e-01
3.328540620784539161e-01
3.470919327129877718e-01
2.814842583199124171e-01
3.386156190804920918e-01
3.727931615109997265e-01
3.926860618105584289e-01
4.368364033386584744e-01
5.330254762968787974e-01
4.596739599637097440e-01
4.241656107814926191e-01
4.109183244758155551e-01
4.916003539502650233e-01
5.012315273727991904e-01
4.518584866480863660e-01
4.659090912080670055e-01
5.137046863872101188e-01
5.284264515885931379e-01
6.269935346837318679e-01
6.015086209043596366e-01
5.102029684034248280e-01
4.172492902462042741e-01
4.140127391809069746e-01
4.253731346532263480e-01
4.151093686568779750e-01
5.724124363292585338e-01
5.144407834112290079e-01
6.362955568919772542e-01
6.396751171303992622e-01
4.912790700755335083e-01
6.401799102697527388e-01
5.855844486331832632e-01
6.515812759899675122e-01
6.156556276883891066e-01
6.440369361139048898e-01
6.460134197872130501e-01
6.845382587416684039e-01
7.182254198050432858e-01
7.300000001330049226e-01
7.418387415231864068e-01
6.592672415628948457e-01
6.740301725894233265e-01
6.458969884079566182e-01
4.244031833419522615e-01
5.957670205593683654e-01
5.752946313971547543e-01
6.039213626976864813e-01
3.937119678530872635e-01
5.287356324173921873e-01
6.277429468907999022e-01
6.264320189019489948e-01
6.067181928226723642e-01
4.663692865545462363e-01
6.094404265276739396e-01
5.252825701342045406e-01
5.517376027178164666e-01
5.817388075507436973e-01
5.280143435788563488e-01
2.546296300262720358e-01
2.343750004125134678e-01
4.781250002811826549e-01
4.812500002794989351e-01
4.840517244159203702e-01
5.112068968150824677e-01
4.754849140757085868e-01
3.599137934483223056e-01
5.713362071275127629e-01
4.146551727291728495e-01
4.318426727199123905e-01
4.478448278837042773e-01
4.471982761599146983e-01
3.722521555106399482e-01
3.696120693051658801e-01
2.112751682087112837e-01
2.049568969800878993e-01
3.267539577258383732e-01
5.696969698915888003e-01
5.665266734132219373e-01
2.241936289328593235e-01
3.995495920993010763e-01
4.191674736596479045e-01
5.255744998491593822e-01
4.609411767242629354e-01
2.829666105235548734e-01
2.537553652072127575e-01
2.090277782003057139e-01
1.780448722339503798e-01
1.923076927391518254e-01
2.006802724486903555e-01
4.232209740527991260e-01
4.338455774766465378e-01
4.616591397852820577e-01
2.597812372424372906e-01
1.839512716186698649e-01
4.730262527776583070e-01
4.709914086924454901e-01
2.197875169240589566e-01
2.599194942660315588e-01
5.264691600162849650e-01
2.507452802042293705e-01
1.605473088063038567e-01
1.736361711029312804e-01
2.476182724339962560e-01
2.527615337667472595e-01
2.514427044252665056e-01
2.782846718986796697e-01
2.884780960807910022e-01
2.496410260258250524e-01
1.813308109001730006e-01
1.765756306845716050e-01
2.083799117259222955e-01
2.007261414933992905e-01
1.841530975389654712e-01
1.886745594880889776e-01
1.797949490790218263e-01
1.427703790973188225e-01
1.488631492282869173e-01
1.728312041136385036e-01
1.417492463844250983e-01
1.380494509194498676e-01
1.419623325144955261e-01
1.287813314050210156e-01
1.043269234683885660e-01
1.042319753116370817e-01
9.683933314449544305e-02
9.708865225691176715e-02
8.571428611740994352e-02
1.062622740099226082e-01
9.183365693090550508e-02
1.061627861449027099e-01
1.143651694123728468e-01
1.034634903580571308e-01
4.228157580702507357e-02
1.217665891851515969e-01
1.165477407761860151e-01
1.418203056887377134e-01
7.749077531788073347e-02
1.018041240971632178e-01
8.168089337637074454e-02
9.653846192455617370e-02
1.206638386487547399e-01
1.113807535098825241e-01
9.477247123197007905e-02
9.482184519862557615e-02
1.186412868728908832e-01
1.157756105215559383e-01
1.050333850774552991e-01
1.321916656267118073e-01
1.355890142556299693e-01
2.057026479574176614e-01
1.186476011511869988e-01
1.242091245736725025e-01
1.490733283041606461e-01
1.846743298143009859e-01
1.726604723095289673e-01
1.871421943419687706e-01
3.433544306945941482e-01
2.948834541258394948e-01
2.987377282493892672e-01
3.172632797742189759e-01
3.543337523652846377e-01
3.665504230800408214e-01
3.765464536056620792e-01
3.639596077542504027e-01
3.712450409166611065e-01
2.275909240313843673e-01
3.841765609925565927e-01
3.628959604443777742e-01
3.056541106266874586e-01
2.755567692673049907e-01
1.485508782955147211e-01
1.402498415666949549e-01
1.375329405038135944e-01
1.461234674096347774e-01
1.440883165165640634e-01
1.444986363790614625e-01
1.386600086813732924e-01
1.451138110431138273e-01
1.281606769014119740e-01
1.660649822955039268e-01
1.564642920402808945e-01
1.702714954186661522e-01
1.633889923053436499e-01
1.553008599446169535e-01
1.738592855879629306e-01
1.746954599055942081e-01
2.019911335451539669e-01
1.920346391043709078e-01
1.770140432478686243e-01
1.805313792118500293e-01
1.809004095962188918e-01
1.723187210318174456e-01
1.843930188622436850e-01
1.904040995340227083e-01
2.069316627347046467e-01
2.201022282492089976e-01
2.075575460729210953e-01
3.628281416300916939e-01
1.614356226165912789e-01
1.746447455382682534e-01
1.773606871442064969e-01
2.404017109987979239e-01
3.138738227643572687e-01
3.165928354600381356e-01
2.697947217645186857e-01
2.222657785073177683e-01
2.479289944536838819e-01
2.988658780577584384e-01
3.179487182850351257e-01
2.815184818773633912e-01
2.500000003735060039e-01
2.659078377045038799e-01
2.468006402485499740e-01
2.613268208835534123e-01
2.444968163042186005e-01
2.501524084280876137e-01
2.664218689991728617e-01
2.974296209213435072e-01
2.974296209213435072e-01
3.090313335505675552e-01
3.018575854995574348e-01
2.637322476693126916e-01
2.261067333653637990e-01
2.458646620591489196e-01
2.936046515430638104e-01
2.072368425327669739e-01
1.975295385620141619e-01
2.205412320367882151e-01
2.532894740803854905e-01
2.614601022594120749e-01
1.930178272532799832e-01
1.930708832804165498e-01
3.168548906260095777e-01
2.658857513554312435e-01
2.711389132489544496e-01
3.359324240112993021e-01
2.629395068448681094e-01
2.542214916369399669e-01
2.633781109538768650e-01
2.235935868512900493e-01
1.979791254730295380e-01
1.757359505041614645e-01
1.833146701101261433e-01
1.983805672523726304e-01
1.713914619542628026e-01
1.669691474778985940e-01
2.061973119126240261e-01
2.259725404885740696e-01
2.431350118746367084e-01
1.599632273270723548e-01
1.880193910503119570e-01
1.841528167219801393e-01
2.062764865386115254e-01
2.028068565496337072e-01
2.166394974285983377e-01
2.666666670955165630e-01
2.704417297518552088e-01
2.654487786269684735e-01
2.657540717100813632e-01
2.650545286480235907e-01
2.506549182837253253e-01
2.715311009141559984e-01
3.204758475603965984e-01
3.412563671226920281e-01
3.245614039202232570e-01
2.951388893182633755e-01
2.472460224925054906e-01
2.474176099069000934e-01
3.354648307086418590e-01
3.561897705978566142e-01
3.480014899776554538e-01
3.568221505632188650e-01
3.263157898957921299e-01
3.438596495339225623e-01
2.774436094752859017e-01
2.654028440599882632e-01
2.484013777370871479e-01
2.964751332107223858e-01
3.208502028335018519e-01
3.682432436176841239e-01
3.765182189946902902e-01
4.016438359807343872e-01
3.918918922723398923e-01
3.639738833926681183e-01
3.133886260443728977e-01
3.056135862890938526e-01
3.090152570672570764e-01
3.081232497842274487e-01
2.974601813047350607e-01
3.294117651989618700e-01
3.452708912264532692e-01
3.805803576366546537e-01
3.713901952892962877e-01
3.930721582819368676e-01
3.919719833046227953e-01
3.896373062265653386e-01
3.997098884682811493e-01
4.396200818335442850e-01
4.842128031399850485e-01
4.655355252983135461e-01
4.618593146257622406e-01
3.731884062424066784e-01
5.467980298802042061e-01
2.647944539079806203e-01
5.398223649244158207e-01
5.589218091936423161e-01
5.205970152831365105e-01
5.171311104635822886e-01
4.579124583272784488e-01
5.089355093170664368e-01
5.452991456524481917e-01
5.621843437798419441e-01
5.529208546223924881e-01
5.396027761509110121e-01
5.800793654126354948e-01
4.755255982382237123e-01
5.852534565507281350e-01
5.663773709688384450e-01
5.857656940537658841e-01
5.058776493355636728e-01
5.058776493355636728e-01
5.745701722714352533e-01
5.624150343363334414e-01
5.384246305170534708e-01
5.662534989474181657e-01
5.813845800869147373e-01
5.572171135088227478e-01
4.670931631610610868e-01
5.659336268964945127e-01
4.429428233163191786e-01
4.365853663117191807e-01
3.891313655206406485e-01
8.068292684640094858e-01
4.987804882750651592e-01
4.729794361807944103e-01
4.551594751827772178e-01
4.900221734013107122e-01
8.090714592990402299e-01
5.021951223559388833e-01
5.077169136283751216e-01
4.965853662629386989e-01
5.349593499715776801e-01
5.362601629786503121e-01
5.398098391568335597e-01
5.054667792216427369e-01
5.243567328467343414e-01
5.553064278730224235e-01
4.670772510134753031e-01
3.514227963369438434e-01
2.509003607863999896e-01
2.506329120247823283e-01
2.991014126665798578e-01
5.515618317915602642e-01
3.376123240585260366e-01
5.276703115831200552e-01
5.333894032519853612e-01
5.105415464981053475e-01
3.186440683599469637e-01
3.159941668157557615e-01
3.672131152601254556e-01
3.946305540550957280e-01
4.373948941771939047e-01
4.889770726859369310e-01
4.017045458794712420e-01
4.040194044324190159e-01
2.156862750475206925e-01
3.385346001773849034e-01
5.273026996047276427e-01
5.608686991627471752e-01
5.740489132501703784e-01
5.447170560225973457e-01
4.214070672550280783e-01
4.461605397834671471e-01
4.524140887204720629e-01
4.535031850034484391e-01
5.119548434357767963e-01
4.792347942668221394e-01
4.306323637770969048e-01
4.056290050265111136e-01
3.618736478586814798e-01
3.594594597342516407e-01
1.067587869589914362e-01
1.681795680430325790e-01
1.954096958411574159e-01
3.972844864636922990e-01
3.296703299536473120e-01
3.253206423629423361e-01
2.857201045594166544e-01
2.889455505473985664e-01
2.508792985265529962e-01
2.131008085014458597e-01
1.799913573120175414e-01
2.013248368265450061e-01
1.931992539111758722e-01
2.242424245517374848e-01
2.087248593671379160e-01
2.262357417450781005e-01
2.058076804166106832e-01
2.115626972229195379e-01
2.281072364310542389e-01
1.990312465958505861e-01
2.514285717063344805e-01
2.517089756303036996e-01
2.220130621505904678e-01
2.368768137932407702e-01
2.053697601482007418e-01
2.085882579484749089e-01
2.115005030682282072e-01
2.239345582208178698e-01
1.888686825835914629e-01
1.746900355217013701e-01
2.290718423955606653e-01
1.723466410848302210e-01
1.635868062627797714e-01
1.451431783898824435e-01
1.381504528949140109e-01
3.181270098746894481e-01
2.755248679417038327e-01
3.201184629063342779e-01
2.904854371436944582e-01
2.895285776354024065e-01
2.461719672890845256e-01
1.968451947186921069e-01
1.445642782516386449e-01
7.744107780651965367e-02
1.049242427632862684e-01
1.101128604432309865e-01
1.065456286131258867e-01
9.239940421296588546e-02
8.898430593389683452e-02
8.939558483916187903e-02
8.486578305398828626e-02
6.648118353108756207e-02
7.777263205751094866e-02
9.161263365697114303e-02
7.933303196319385631e-02
5.867499068541537355e-02
3.619957198265522091e-02
4.752087446396557890e-02
8.228486877404128652e-02
1.291319324313199290e-01
1.368608499310414173e-01
1.330049263804069515e-01
1.543785183001511463e-01
1.737796545749584753e-01
1.815161765835106022e-01
1.981863741802332157e-01
2.340884265986062918e-01
2.388984803897494791e-01
2.183413484017151518e-01
1.826000570018166957e-01
1.445298849048906042e-01
7.947976906325882052e-02
8.131241111468379135e-02
6.518724022638033855e-02
9.528562229340531431e-02
1.041948581796214857e-01
7.526491096722232044e-02
4.335260145659947106e-02
8.838659420471184358e-02
9.150922665382754673e-02
5.202790994614714393e-02
5.986183322985738631e-02
6.261883665147072175e-02
6.506205369654571857e-02
6.485205653825587557e-02
1.669662923688297607e-01
1.521662559727116060e-01
1.403783590973677331e-01
1.414644329075593898e-01
1.394265890128358887e-01
1.528443522496023554e-01
1.634041539856159186e-01
1.405835546357055987e-01
1.204860466404108488e-01
1.177128654077959080e-01
1.080174023902991109e-01
1.177128654077959080e-01
1.192640695364056702e-01
9.781180947111400847e-02
1.952966458173283071e-01
1.933548958561145392e-01
8.429081496777313109e-02
1.119069525851271729e-01
1.005631539619994408e-01
9.640870035528281701e-02
8.523887332066182321e-02
1.012937521808933150e-01
9.354524842895062253e-02
6.561966573382738144e-02
5.470155110295515932e-02
1.343671838804845198e-01
1.444777328089413837e-01
1.231600273048075733e-01
8.918617646001036903e-02
5.073140400085363044e-02
1.283034096132393831e-01
1.573372176644916021e-01
1.924588877702748668e-01
2.017427790215450267e-01
2.132564843962985179e-01
2.598977531625557003e-01
2.970513902563742814e-01
3.825782164396785978e-01
3.840415613736402056e-01
4.102899332435361313e-01
3.942539961468227716e-01
3.711144223986244661e-01
2.677681052023372921e-01
2.756655542143164883e-01
4.204440662503975412e-01
3.246576776093191841e-01
3.405797103125910441e-01
3.345633138438887100e-01
3.309923830881659201e-01
2.508764378956650498e-01
1.906192842988569947e-01
2.266337935939822801e-01
2.171575730831618589e-01
2.523128416367298454e-01
2.705425153830117724e-01
2.814788142835558116e-01
1.976636952973674921e-01
2.603591563723023361e-01
4.307943281639367017e-01
3.986399605839169302e-01
4.074503552670797335e-01
4.276728127657605238e-01
4.264535020155102440e-01
4.151746440746666433e-01
4.518712209156792170e-01
4.645161291556414440e-01
4.348480505937385443e-01
4.007659658972616556e-01
3.609793227550478489e-01
3.045717967094410117e-01
2.361410669670239715e-01
2.037342122143712686e-01
1.732214155826271584e-01
1.673531464522675094e-01
1.905607716345595337e-01
2.150804600107033560e-01
1.802450425728668870e-01
2.039451892173030911e-01
2.391204897240463145e-01
2.369248358854173508e-01
2.838174943580329401e-01
2.771084339272033015e-01
3.212541124211808485e-01
3.193180731444981157e-01
3.939077687052578991e-01
3.952391165783317728e-01
4.096794736977967810e-01
4.406797441643387492e-01
4.635753279656198433e-01
4.344601551706074316e-01
3.694955966174060524e-01
2.937317785917117341e-01
2.697158598459177270e-01
2.800936084832301720e-01
3.110860814534399665e-01
3.312600838657703273e-01
3.322817592682264509e-01
3.218726091904474673e-01
3.301675979212832512e-01
3.531150419449695654e-01
3.543003255801254747e-01
3.862403015234695536e-01
4.250513348252371593e-01
4.310862131656729712e-01
4.282200918240475218e-01
5.071247016276814179e-01
5.031158008366564127e-01
4.953274467447889018e-01
5.080858889956035851e-01
5.040584269746988255e-01
5.040584269746988255e-01
5.047713064413054118e-01
4.883207481607598766e-01
4.779701698234242180e-01
3.980219516346998887e-01
3.931028884662953748e-01
3.924390245137319155e-01
3.705617328626955587e-01
3.582408378307349039e-01
3.537611507299266433e-01
3.436370936754131744e-01
3.401015229851817034e-01
3.542632513610649569e-01
3.678360543227171542e-01
3.600760375520973833e-01
3.802557063282444583e-01
4.055450536850356835e-01
3.987639852107056626e-01
4.977748283303844445e-01
5.153399905819611160e-01
5.172703982351336549e-01
5.310059385403984589e-01
5.522149369098894311e-01
5.626553071418787244e-01
5.611949719382887114e-01
5.581711655928417448e-01
5.420792524859234796e-01
5.255030069928163794e-01
5.143986020221871236e-01
4.937896022838395016e-01
4.696268267240395478e-01
4.997642332452254532e-01
5.729678340253193669e-01
5.862207251391120533e-01
4.856962824016601843e-01
4.552790708976206524e-01
3.832094388635319815e-01
3.243088384366354937e-01
2.800510255911954349e-01
2.923417145107587434e-01
2.940557474257750048e-01
3.366500830715289938e-01
3.708597448060754198e-01
3.927056448450890747e-01
3.731269183577525794e-01
3.516867004192946178e-01
3.322217592209204540e-01
3.186550926978509723e-01
2.868269304558709321e-01
2.589091270889652963e-01
2.808459776355453075e-01
2.939115201017395984e-01
3.119796812680543097e-01
3.034891377542817681e-01
2.921971692410089139e-01
2.949191032039646387e-01
3.568260228222146502e-01
3.526425592599345959e-01
3.481935545304649660e-01
3.407866631046748696e-01
3.516270035496595892e-01
4.118278129248071906e-01
4.144264041756662298e-01
3.405453469322897719e-01
3.680420675143204479e-01
3.476161739721344013e-01
2.831525591968299116e-01
3.330210774569292154e-01
3.597951346137977513e-01
3.898845930463531451e-01
3.146396010910489371e-01
2.872937978811288540e-01
1.584492497044314163e-01
7.568162866420535817e-02
7.205770726193705400e-02
6.905761195381243667e-02
5.511203708006018331e-02
5.866146287886520039e-02
5.455498593831020759e-02
6.791455825099934618e-02
6.216696304685942476e-02
6.237089150785668501e-02
6.295098316462832688e-02
5.660377391514548329e-02
8.986043413826783066e-02
1.151503435124721086e-01
1.223023902846414046e-01
1.538951122855476417e-01
1.388862629167418872e-01
1.007919598292700281e-01
1.457826821439490717e-01
1.078959813686695135e-01
9.339881037132913288e-02
1.088790934795720311e-01
1.317529281161841093e-01
1.444923537722205831e-01
2.227605840885590327e-01
2.484757446765999411e-01
2.915100787804606464e-01
3.158469947272392053e-01
3.110400719803034786e-01
2.961605731944808584e-01
2.743136839555454509e-01
2.617998743282463625e-01
2.916779018772698295e-01
3.259598451741317904e-01
3.627652294403912459e-01
4.237288136790194892e-01
4.600127197193710771e-01
4.917742489257447280e-01
5.045883394441312841e-01
5.292238074667132697e-01
5.862325582095166965e-01
5.856396867516906468e-01
5.868353767149355749e-01
6.016170526178648004e-01
5.949687712041645815e-01
6.026358324626016616e-01
6.027623620997127896e-01
6.052183955298422458e-01
6.104983945878514895e-01
6.099717721791657610e-01
6.121510829483356453e-01
5.921863742547135434e-01
5.776157945318184384e-01
5.738379748389517143e-01
5.605436574065514321e-01
5.325571668410908899e-01
5.344765667921571595e-01
5.377437733661267760e-01
5.343297345959331368e-01
4.746297450968330889e-01
3.881681049127468919e-01
3.501604279464898273e-01
3.699010405861496986e-01
3.841243409585763935e-01
3.782791187088407892e-01
3.587954546911829024e-01
3.318531882486058793e-01
2.373650913689704378e-01
2.200357783691027080e-01
2.290008843626583079e-01
2.312100508825680745e-01
2.014652016683290414e-01
2.010994046925487222e-01
2.155922040940549955e-01
2.201132864900842145e-01
1.745093903844404659e-01
1.652173915263350779e-01
1.581657283029859196e-01
1.624299873000781824e-01
1.868728542793983705e-01
2.351817906010842396e-01
3.024323511251809649e-01
3.724716004472324871e-01
3.835871731928995887e-01
4.435019504584851724e-01
4.637787568396600779e-01
4.538113890822915719e-01
4.419892736339368078e-01
4.440956938862975489e-01
5.179741587653226009e-01
5.469185395094781077e-01
5.694898084695143581e-01
5.719902837020096609e-01
5.540389824996833079e-01
5.544512357951190129e-01
4.950770470526194567e-01
5.078266601659020552e-01
4.987008740486035263e-01
4.800000000961627267e-01
4.531511123680411757e-01
3.375667485851253646e-01
4.291118173269193870e-01
4.041727317992872548e-01
4.138222633352893753e-01
3.688180069590254462e-01
3.777919085569922952e-01
3.728884380164968482e-01
3.833194097578630499e-01
4.109464892010902259e-01
3.940696002363101025e-01
4.070512821700619233e-01
4.237623763506005448e-01
4.124525917721925117e-01
4.029227558609839166e-01
3.734986919565936869e-01
3.917834644493682905e-01
3.444647268668603601e-01
3.560817373590194901e-01
3.707135504532522718e-01
3.709780695992120902e-01
3.703118832668157445e-01
3.428912785105073802e-01
3.697411171968336685e-01
4.042828807423627380e-01
4.095102911029275816e-01
3.938948143937937019e-01
3.764484358184803092e-01
3.431313738659844681e-01
3.209316594752444907e-01
3.221662470066026795e-01
3.091988553328763878e-01
2.227789852428023742e-01
1.527034584158072361e-01
2.011826296684887661e-01
2.030972739680870776e-01
2.157046478861360805e-01
2.375556028284380172e-01
2.328116712910314190e-01
2.443939075406194039e-01
2.195755970239853250e-01
1.367337167047857349e-01
5.736759332528384991e-02
8.342153868715784792e-02
1.111757718990384891e-01
1.729780273087943021e-01
1.841653114054282447e-01
2.217094018757032048e-01
2.110907665857767457e-01
2.205933684073749790e-01
2.286359240613489163e-01
2.362408456702538295e-01
3.220027365909863271e-01
3.621009092675038232e-01
3.018305250813843044e-01
3.118214260340087529e-01
2.332076079412547243e-01
2.694465839835388232e-01
3.415892674646708871e-01
3.605047750654568617e-01
