4.635128335136399214e-01
4.856459331061833140e-01
4.886819485156371767e-01
4.450911694836703347e-01
1.000000000000000000e+00
5.729026470067103416e-01
5.516930023416679596e-01
4.606440072521209572e-01
5.362851783233986147e-01
5.398784549963540069e-01
5.394111706371982340e-01
5.701492538125545462e-01
5.624031740860753192e-01
5.259259260148287929e-01
5.862224393219730434e-01
5.792285858185880487e-01
5.650425820452058545e-01
5.663282018476674118e-01
5.844189204828411643e-01
5.874510368369836311e-01
5.627366241226630095e-01
5.739333723723618608e-01
5.557142857926430368e-01
5.121838869421002638e-01
5.692062517991716142e-01
5.127238191691494418e-01
5.237863661750455924e-01
5.545395580587968443e-01
5.272881516436849214e-01
5.260209279368428525e-01
5.161281298760487246e-01
5.340996909452833119e-01
5.025650770198195616e-01
4.710805819280938778e-01
1.000000000000000000e+00
5.499408728404227009e-01
5.250821347388141547e-01
5.724369841908072409e-01
5.701111829404902354e-01
5.161001666438000957e-01
5.640256265287992843e-01
5.980222734806310836e-01
6.094787766680134222e-01
5.614650461482088017e-01
6.057347670786175087e-01
6.373202243117304100e-01
1.000000000000000000e+00
6.572311828417700674e-01
5.987450728556639179e-01
6.358921162309963959e-01
1.000000000000000000e+00
5.820796166180163267e-01
6.023613747097880111e-01
5.641891892469277359e-01
5.573564123318441865e-01
5.753083180824838383e-01
5.788304766436519477e-01
5.781433608071362418e-01
4.927624740783832502e-01
5.073063494753257130e-01
4.853873012433225220e-01
4.811594203569928840e-01
4.451133598763784560e-01
4.756336287508199367e-01
4.974502805332164934e-01
4.784649929222207776e-01
4.964871195020253980e-01
5.328220167515325123e-01
6.225667528457528022e-01
5.396263280571954590e-01
4.818637810322244919e-01
4.690010665399927392e-01
4.952382061780796763e-01
4.815315628271812365e-01
4.498512006804049612e-01
4.716216520204281615e-01
5.272045028664380517e-01
5.502860023723634697e-01
5.574162679902779916e-01
5.461075808613576887e-01
5.515785474248642295e-01
5.644948203283464139e-01
5.729365805447452775e-01
5.711159737860620478e-01
6.743621147505243218e-01
6.486478265193676984e-01
6.437567687172840447e-01
5.644819874226694179e-01
5.611514343987408227e-01
3.626674014543045388e-01
1.099427006535335094e-01
1.183314004857992652e-01
9.176081573511885026e-02
1.112008109656897892e-01
2.041688801865060299e-01
1.111621498229672378e-01
2.597356502450031135e-01
2.455624725767696637e-01
2.850547281151629697e-01
2.716476429783826196e-01
2.815689936171034136e-01
2.129337540017756103e-01
2.526985884823761408e-01
2.569707284372381162e-01
2.551150548643821292e-01
2.269672927982668842e-01
2.580572963782941098e-01
2.328102479254003931e-01
1.806031892528653371e-01
2.214778670929612447e-01
2.183258999128219191e-01
1.932174217601073662e-01
2.346889381339066771e-01
1.740306583079676006e-01
1.703740507367184076e-01
2.056360212836406687e-01
2.498325519567611286e-01
1.921120400365275982e-01
1.510829646137868965e-01
2.225778603053579774e-01
1.606420860074869728e-01
1.873216816761251735e-01
1.858753666450579933e-01
1.895781577478748980e-01
1.514555270198617576e-01
2.212372734357004322e-01
4.177502054041080104e-01
2.646044692402910181e-01
3.082320387749865054e-01
2.810370231784473649e-01
2.555036691544780858e-01
2.413282489914921891e-01
2.537812634278082680e-01
3.673764730523667588e-01
2.445577916939538632e-01
2.506191156546662135e-01
2.600367330263410048e-01
5.502614573710180590e-01
3.216553842223325299e-01
2.670508773602183750e-01
2.155725301261298688e-01
2.339342914314210820e-01
2.619693715422904967e-01
2.480672019403277195e-01
2.358528428486825756e-01
2.691910412783518058e-01
2.931546738084515047e-01
2.811882888640284683e-01
2.640503394949943461e-01
2.792296351235149521e-01
2.872675017945850451e-01
2.361481286345538111e-01
2.744252873873483933e-01
2.663817664123230289e-01
2.462294629827330716e-01
3.268553253590860130e-01
2.601567735487478883e-01
3.056927836270644239e-01
2.924023975643217366e-01
3.218286050521157460e-01
3.145862887830916943e-01
3.287275727201217634e-01
2.769676860987911882e-01
3.644063221246781614e-01
3.326914298994104735e-01
3.155686937177798468e-01
2.668114916411777893e-01
2.965856412016304455e-01
2.051111111331913595e-01
1.989198312506694766e-01
2.537469004294206076e-01
2.336127525329769750e-01
2.108062231894339833e-01
2.365824094471584704e-01
1.938965213218979411e-01
1.675035619408987708e-01
2.325384082268201480e-01
2.603942240413592568e-01
1.030918459532857989e-01
3.094167985249348662e-01
2.913709821906085295e-01
1.245443334603347774e-01
9.540659145561702914e-02
1.778660941539175200e-01
2.834665013487364105e-01
3.319321512290360765e-01
2.633144093219395021e-01
2.562034739680276729e-01
2.679902965584803898e-01
2.816456980427015644e-01
2.599052643486556846e-01
2.928119003993913116e-01
3.029699366852345310e-01
3.186194819151924040e-01
2.914527333369760775e-01
3.888797993227504080e-01
3.634885357981447740e-01
3.539138777811278169e-01
3.532852575822108543e-01
3.703504043356031783e-01
2.708372722656273712e-01
3.047444979526252595e-01
3.426956525352556904e-01
3.638924456076472191e-01
3.170924075153679356e-01
3.185956961452828251e-01
3.332214694996236126e-01
3.453274989790403593e-01
3.034498688516655829e-01
2.965229597625114177e-01
4.018160048143327723e-01
3.437592046622401920e-01
2.862500000332904859e-01
3.188358529986744516e-01
3.005132269845010029e-01
3.406326509036864403e-01
3.463708050213936129e-01
3.086285828369511597e-01
3.276179551761594366e-01
3.451210191416498319e-01
3.338641189302936629e-01
2.977136473437231867e-01
2.911780998156424660e-01
3.415947439338122837e-01
3.361513687956977359e-01
3.345498328115290576e-01
3.333333333686067101e-01
2.882426173845392681e-01
3.370180204574968474e-01
2.972629001714506281e-01
2.657437568267774219e-01
2.663338558766479292e-01
2.654625704590589663e-01
4.973493695910493617e-01
6.484840046102757771e-01
2.591809959909449068e-01
6.922532362579252307e-01
1.767418628361904220e-01
2.298490983144408917e-01
4.885314054669953610e-01
2.905148325329947046e-01
3.537004720924801227e-01
3.100558659540153528e-01
2.445067616532060617e-01
2.491122437241145571e-01
2.932748391197831372e-01
3.355761548925477733e-01
3.437013540427593661e-01
3.031713588403095461e-01
3.490730759632837410e-01
2.575158960811615438e-01
2.767789791678830769e-01
2.505822981770519098e-01
2.494781257356496473e-01
2.392729064700973574e-01
2.652581882297626592e-01
3.374789916371288001e-01
2.701480678494759813e-01
3.363842404709003198e-01
2.877845442871146409e-01
3.208221183487662831e-01
2.851463632510818913e-01
4.822759049186935432e-01
4.655133342840671595e-01
2.197805597182549420e-01
1.752095517670130276e-01
2.148148148826025672e-01
1.668790699213632545e-01
3.344415920111076801e-01
3.395941179669557108e-01
5.284984827907126537e-01
5.155898710689474918e-01
5.189306610598167779e-01
4.569561770785862675e-01
3.939448226894523009e-01
5.961927372289421712e-01
5.762331839030782055e-01
5.521410358357359272e-01
5.670783906559331289e-01
6.290909091325375124e-01
6.094201744246795505e-01
6.151500562148760620e-01
5.962500000467303440e-01
5.059878833999451597e-01
5.528346032092106288e-01
5.240384615968359805e-01
5.226370829457362976e-01
5.255583698511578916e-01
5.196293970477872115e-01
4.974086361701894887e-01
4.990454372580803710e-01
5.219825480597581890e-01
5.724036026495351592e-01
5.585861437055755774e-01
5.786792719657571915e-01
5.673457838755877614e-01
5.954887218618969413e-01
6.021857924069333734e-01
6.228845595197900487e-01
5.806086445779758964e-01
5.658267482382843827e-01
5.670336299853666606e-01
5.421052632277489902e-01
5.063157895501059214e-01
5.141176471340375143e-01
5.162538700439236461e-01
4.843163601778689431e-01
4.967801858364118139e-01
5.096140481691433521e-01
5.346028510811591250e-01
5.244263509245580268e-01
5.269115269843827054e-01
5.340679523210792867e-01
5.246483181154972808e-01
5.155993432591985393e-01
5.100676241151785861e-01
5.237899918688984080e-01
4.835978836759489141e-01
5.117622158454641079e-01
4.709302326380353509e-01
4.319105538366835306e-01
4.265954245294106828e-01
4.744644310653433061e-01
4.664648911219030358e-01
4.893623521207541849e-01
4.871573495286674049e-01
4.737307049355696797e-01
4.579518242854311305e-01
4.958260870362330985e-01
4.985383620871011168e-01
5.077394930579799404e-01
4.671970097175449643e-01
4.784747848311569074e-01
4.530438811755332917e-01
3.985719078930732850e-01
4.025814285071195320e-01
4.177409307490710377e-01
4.270379068342298190e-01
4.613171304976102505e-01
4.713157214013021790e-01
4.446808511547167830e-01
4.237304832744371863e-01
4.102924635396194564e-01
4.098075314795301960e-01
4.141251198242131837e-01
4.334016567964694699e-01
4.175732218567888010e-01
4.250747893280740763e-01
4.103002197757418257e-01
3.934088928695015364e-01
3.653866611060194725e-01
4.046129090998368261e-01
3.293212558578126892e-01
3.486285705309075666e-01
3.880808798531251158e-01
3.954943680680325091e-01
4.140890399760256413e-01
4.140890399760256413e-01
4.019667442513916722e-01
4.218666190913881175e-01
5.067405686560449984e-01
5.003575899337819877e-01
5.340961917514579493e-01
5.377078491797411264e-01
5.095655284266824570e-01
4.834614697866151944e-01
4.747720365680722088e-01
4.778830682142172215e-01
4.681566244469593796e-01
4.733595566827535350e-01
4.709100662487198941e-01
4.684605758146861421e-01
4.681566244469593796e-01
4.323976400085111083e-01
4.882889326858056434e-01
5.016627928657853008e-01
4.855533703762644482e-01
5.089933846756672375e-01
4.857142858062374335e-01
4.868585733082677613e-01
4.880386197947365057e-01
4.978544610230906109e-01
4.856070088529220730e-01
4.867870553393908173e-01
4.756302521945949824e-01
4.739568242042240254e-01
4.875720893468995509e-01
4.883499496866529066e-01
4.380427996749270969e-01
4.600690449827256057e-01
4.727798173332852238e-01
4.758573118888732578e-01
4.705360663242932340e-01
4.678754435420032776e-01
4.894333784810245280e-01
5.198827553454063999e-01
5.092281880152123019e-01
4.131420090226339825e-01
4.297476497912424698e-01
4.575952499836526410e-01
4.308362198058711678e-01
4.013458685004758220e-01
5.086323464091727642e-01
4.239287482585000211e-01
4.223849580559356776e-01
3.793171698408080994e-01
3.856506681077386256e-01
3.795150916616496506e-01
3.748837210539567311e-01
5.269949260700110827e-01
5.184212019586735831e-01
3.419099457017497068e-01
3.665512123965263269e-01
4.083720931403519439e-01
4.178129639944953011e-01
4.133597230255596777e-01
4.385947551828610624e-01
4.391687284633015720e-01
4.195348838358169408e-01
5.042081102708094731e-01
4.881047174286565760e-01
3.293617022603935185e-01
4.974375086894108344e-01
4.862026766637317365e-01
4.701237012429245743e-01
5.109394613283886333e-01
4.938172412757809715e-01
4.864764728678309114e-01
4.889876390877714307e-01
4.807957418471326960e-01
4.756376058884957958e-01
4.742016172271922292e-01
4.546214242353425750e-01
4.831517022889089130e-01
4.818324213482427787e-01
4.730001548288333968e-01
5.020850709889859154e-01
5.121059490262527270e-01
4.971419592808458132e-01
4.906455089645126444e-01
4.670361208377959983e-01
4.563087581481823918e-01
4.589609105474595774e-01
4.318852054563314669e-01
4.402313372073287656e-01
4.514088782918387333e-01
5.033452924457781918e-01
4.749156227761730520e-01
4.910842193525062349e-01
4.922796422820581164e-01
4.096190006116539051e-01
3.729493403046509892e-01
3.923058075242371601e-01
3.987523394887185768e-01
3.929161198727789683e-01
3.423481712943521327e-01
3.821138212739807472e-01
2.970219437310743782e-01
3.332954856632538432e-01
3.079344802418364502e-01
3.534561790994096286e-01
3.764209755737942809e-01
3.790237164681041770e-01
3.665208382761868666e-01
3.593735543260448972e-01
3.844961600387489797e-01
3.810898339948630698e-01
4.142275359226875731e-01
4.147186148593751120e-01
3.971777622720769063e-01
2.987736902517593718e-01
3.305474929109830651e-01
3.137874385659580323e-01
3.218098759568294165e-01
4.093403750105260031e-01
3.297290257087731602e-01
3.174570090366188868e-01
3.584158417513247930e-01
3.763418448732824828e-01
3.851485150116862322e-01
3.791297552425405559e-01
3.864773321035754883e-01
3.412193852680512896e-01
3.553926703258134534e-01
3.717014392981395909e-01
4.044170411129197618e-01
4.013783525479810432e-01
3.626527052322049416e-01
3.593576216370459875e-01
4.280104713601630140e-01
3.787544779887698221e-01
3.639595757778451013e-01
3.515704155826944177e-01
3.394731631894652990e-01
3.957385959114146923e-01
4.063367254260128458e-01
3.903034532640672349e-01
3.459492636936085663e-01
3.441489363640222177e-01
3.674535954323742137e-01
4.093795800533159834e-01
4.278846155632228809e-01
3.462857144932426356e-01
3.716308373801289200e-01
3.459302327742037608e-01
3.205619414799482092e-01
3.483901326381696473e-01
3.817301877456038550e-01
3.944343619700092507e-01
3.901996372285407855e-01
4.082140218430415635e-01
4.106338645524520992e-01
4.290515562851879849e-01
3.774954630041353898e-01
3.279753764268209526e-01
3.860076577145813426e-01
4.011976050038502661e-01
3.656997384754921976e-01
3.289256200812027409e-01
3.428101154635604386e-01
3.619631904256748189e-01
3.955919111582246739e-01
3.637809591139207210e-01
3.624176325977362945e-01
3.901386050934868566e-01
3.912747105236406009e-01
3.425736577510514191e-01
3.571915476190291594e-01
4.137317278596789327e-01
4.033552982642750750e-01
3.493145499699634726e-01
3.788532911539599368e-01
3.772248733707396218e-01
3.555631298358088443e-01
3.916155421526866798e-01
3.544973547448442286e-01
3.517353834335991136e-01
3.677137055134732657e-01
3.975932045785774971e-01
3.592717200240365116e-01
7.238461848013768574e-01
3.096331209890573755e-01
3.026490069111552605e-01
7.147677902245042070e-01
7.170379290801418559e-01
7.107144424758937706e-01
6.974225882864584225e-01
6.974651748355947811e-01
2.776793212957376911e-01
2.843424790518720435e-01
6.797197429313179828e-01
5.247370473681647329e-01
4.899673818869391129e-01
5.186634559910378028e-01
5.315333675336050279e-01
4.956458259917370102e-01
6.815977474674882464e-01
7.147587513325139863e-01
5.510879850987658868e-01
5.623841061921144302e-01
5.908874174352913844e-01
5.813394576044972339e-01
5.975340550274408358e-01
6.029688713841980796e-01
5.755638026973657340e-01
5.288461541258036025e-01
5.230826510777595306e-01
5.374683547231212666e-01
5.392663397447259310e-01
5.155944150361513323e-01
4.968687544990880722e-01
5.157554541369813172e-01
5.376995049960791029e-01
5.518987344923356186e-01
5.455983892796328893e-01
5.148406812783059561e-01
5.376023830695439987e-01
5.017538512263581829e-01
4.852829041594609594e-01
5.790757971792925840e-01
5.950892179387758940e-01
5.863962180979134242e-01
5.627573588815332206e-01
5.269177981341178763e-01
5.722769186026903654e-01
6.028978587668991640e-01
5.390572955204386840e-01
5.325514197411598261e-01
5.195667369675343039e-01
5.229734455599462928e-01
5.487421387589603849e-01
5.555555559413580813e-01
5.729166670373987413e-01
5.590277781605661467e-01
6.081597225623613934e-01
6.312500003200954835e-01
5.909722225772811033e-01
5.975694447937764942e-01
5.833333336950231596e-01
6.106770836712872574e-01
