4.926605508465897731e-01
4.173704196038038328e-01
4.660194178569250223e-01
3.587426331169016880e-01
2.914046127095235583e-01
2.446410660908135970e-01
2.348420160975025484e-01
9.028400688561633025e-02
1.794585550474847579e-01
2.063263846096995424e-01
2.276179916125133929e-01
2.740440330458169260e-01
4.337448564331317646e-01
3.639805305076253550e-01
3.549108812328205520e-01
4.650194340192813636e-01
4.198325825142501522e-01
3.041427102284072204e-01
2.974910399739044697e-01
1.742292036254877718e-01
2.113528315722857931e-01
1.693100401180983594e-01
2.438438909370884700e-01
1.901313177953590783e-01
1.618916962618902611e-01
1.939655178847656813e-01
2.592182313188651221e-01
4.308506245921710498e-01
3.736182761208398651e-01
2.567804395754147428e-01
3.728921417651192005e-01
4.828869051116836397e-01
4.557235424431703708e-01
4.805445329141619926e-01
4.667861546618202739e-01
4.252539916392996666e-01
4.981372434213813261e-01
4.835283531451974870e-01
5.518796995176663556e-01
3.828741627826700578e-01
4.450000004080881810e-01
3.866666672345678846e-01
3.303159067704453111e-01
3.712212824324268023e-01
3.865219881364683197e-01
3.787610626799279290e-01
7.173227393809866737e-02
2.584102418791205391e-01
1.768858418950324252e-01
2.436176536279263116e-01
2.494448563569162669e-01
2.632244094031193082e-01
1.655405413236293866e-01
2.075804326068043659e-01
2.065997137673962758e-01
2.008178511860451154e-01
1.794685778729766534e-01
1.694387626350273290e-01
2.106342971357203497e-01
1.748962831083573644e-01
1.369032375634954279e-01
1.376651989162482881e-01
5.999504250888765267e-02
8.391070124410260345e-02
8.397421029754192912e-02
8.252427254056104999e-02
1.138461545278106612e-01
1.088249484738587070e-01
4.365835552675145781e-02
6.994903906793603632e-02
1.135738839230464592e-01
1.708967858893618574e-01
2.303664928661495193e-01
1.889294302848363305e-01
2.134013117139463844e-01
2.382478639260613429e-01
2.779966734278989104e-01
2.665992591282446700e-01
3.426048206152155773e-01
3.205619418714085178e-01
2.474025981007397235e-01
2.648033133904726943e-01
2.154566753917368516e-01
1.609379174514549149e-01
1.148936182767466008e-01
1.665470220150078173e-01
2.239858917053507703e-01
1.535857199852481703e-01
1.773138062054941955e-01
2.705167184922144807e-01
2.573269920863480165e-01
3.231007762432546171e-01
3.041467561212474191e-01
2.787550755093142207e-01
2.541353394674655819e-01
2.440000011630768517e-01
2.671755736378998991e-01
1.699622654038305258e-01
3.165886202404021299e-01
3.466550833478277971e-01
3.603151870101298782e-01
3.564572432848415184e-01
3.129737456739825063e-01
3.755477658024235499e-01
3.422564109310189950e-01
3.516871872415786582e-01
2.631578956944016223e-01
1.951986293295246977e-01
1.451269695770648349e-01
4.262086522106182107e-01
4.893023263731747230e-01
3.947826097482041163e-01
7.403876855093927123e-02
1.898277944335498013e-01
3.116150577741279015e-01
3.689214624453585056e-01
3.279111294109192665e-01
2.216680208541143005e-01
2.708053699431707262e-01
1.624824784471995409e-01
1.101836406369175458e-01
1.928112975702036547e-01
2.559492341936154824e-01
3.354192751323227251e-01
3.315217401989741797e-01
3.303229766870916517e-01
1.920605466342131251e-01
2.872928185545821078e-01
2.656784501891822359e-01
3.438433066477447619e-01
2.955856542568526812e-01
3.915377740105614457e-01
3.142366094038432367e-01
2.418235889629606339e-01
1.931034493888228454e-01
1.301923625171558241e-01
8.937438063643865505e-02
2.106860968904843423e-01
2.810457524171614541e-01
3.181126338730465575e-01
2.506459956065674177e-01
2.794673034392095579e-01
3.706505300958297111e-01
4.274809166132509386e-01
3.439469327319547576e-01
2.578710653949636278e-01
2.342280032730658101e-01
2.544039338325768673e-01
2.239909050255955991e-01
2.917672307699553658e-01
2.588186481410725825e-01
2.492806706130255012e-01
2.355694237707105509e-01
1.172813936769147025e-01
1.617243284435415651e-01
1.407136563602147117e-01
9.439598626550838034e-02
1.227060104081731939e-01
1.916970615836761649e-01
1.385235477953716821e-01
1.395789482741274234e-01
2.972333461073595196e-01
1.958041965251889893e-01
2.518853702376645520e-01
1.966364819842575384e-01
1.831640065958741737e-01
2.055834966585410317e-01
2.102240100973876702e-01
2.673726017346430561e-01
1.463121174993236018e-01
1.923686466020131380e-01
2.015867301339262507e-01
6.824341085459051381e-02
1.799315858837724491e-01
1.218727673077522056e-01
1.527504352602774285e-01
1.579699795592447442e-01
2.056460377788859040e-01
2.381741028483861378e-01
2.695686908251111458e-01
3.016544831650110892e-01
3.073905870072350943e-01
2.962654745695771918e-01
2.900133757356070374e-01
1.964285723852040588e-01
2.953277553517807963e-01
2.646498341297643941e-01
2.575757584477615936e-01
2.183039472012666682e-01
2.549253740239696420e-01
2.617889864731550720e-01
2.042431579594996549e-01
2.392478936251913879e-01
2.553557117019639167e-01
3.296216223463549477e-01
2.773403331609406441e-01
3.495750714357175326e-01
2.001140258455776921e-01
2.640732272182395590e-01
1.478991604594779297e-01
2.073011741410866193e-01
2.585780956550662868e-01
2.152330435626818028e-01
2.399515257120262701e-01
1.987278145083329894e-01
2.004212013567084893e-01
1.489964590920939136e-01
1.140865748176980166e-01
1.188405807743471154e-01
1.319401519328055050e-01
1.684333148882547482e-01
2.197253442064176499e-01
1.515151525519120579e-01
2.732105569838517711e-01
2.021951473142733491e-01
2.922394684769494821e-01
3.387374962584188687e-01
4.451263026651017807e-01
4.784434494131835081e-01
4.819662598298674050e-01
5.743391040720335905e-01
6.107963392000521630e-01
6.188896133087102847e-01
6.302729530300281713e-01
6.083827267102124292e-01
6.516147890050101310e-01
6.297229221047021541e-01
6.254681649943990562e-01
6.390282133547396937e-01
6.194234178238988697e-01
5.850986123421169083e-01
5.288461540978386388e-01
5.556898899019243609e-01
5.372710861298575225e-01
5.628930819757798076e-01
5.538644719398123639e-01
5.571428573737524648e-01
5.775480061235939155e-01
5.132291508003357094e-01
4.958199035577055547e-01
5.088967974304372532e-01
4.562100157422182001e-01
4.755452388924933382e-01
3.844151947427980609e-01
4.831383684190013739e-01
4.395675329785554419e-01
2.908338598142690135e-01
3.439925311641520711e-01
2.362571547742199352e-01
2.273826463532129250e-01
3.098438071740865496e-01
1.396566331975851449e-01
1.904761910324495044e-01
1.702586212857337689e-01
1.646811498495577286e-01
1.352941183076439291e-01
1.120894013612517837e-01
1.972595663587903836e-01
9.629219784514642111e-02
2.275345102591328494e-01
1.637295457977615554e-01
1.035629877409061095e-01
3.208487249198104241e-01
1.276173143030561175e-01
1.377838860568610935e-01
1.217385292257329166e-01
1.113007858577665932e-01
1.663635817563391406e-02
7.024874383348644891e-02
9.831345187281403941e-02
1.421568633291415695e-01
1.862464188932688725e-01
1.821834202409151615e-01
1.156685816100003761e-01
7.218292890981203858e-02
9.035087807957997708e-02
1.044642866027140071e-01
1.284403678322576514e-01
1.701030936565294249e-01
1.422857151025850309e-01
3.394583371898550750e-01
3.590116284245706835e-01
4.238156214326913585e-01
5.208096594312431327e-01
4.846485325312088754e-01
5.734810457714609733e-01
5.409836068490382344e-01
5.003665692202061699e-01
5.418276712290722719e-01
5.777777779639428068e-01
6.533306991822810383e-01
6.968786128043703565e-01
6.915422886469575481e-01
6.667230111373892987e-01
6.497175142213034160e-01
4.722073337729900677e-01
3.087676910127857832e-01
3.633638437334170135e-01
3.034164361480071737e-01
1.958762891281516927e-01
1.799888210794430288e-01
2.083050851930479119e-01
1.058597508127698816e-01
1.835166213549633829e-01
9.041908159923250921e-02
1.655316925317367183e-01
1.394985352396622691e-01
1.589149901333277715e-01
3.387978217495724031e-02
8.676470655384949104e-02
1.140939603778129419e-01
1.531456959484369662e-01
1.181199758688105117e-01
1.377030739589963915e-01
1.078178700545404656e-01
1.259566560861478113e-01
7.713125915115670583e-02
1.500352202003324420e-01
1.028625360940055300e-01
3.681834053767074622e-02
1.549953321831802899e-01
1.797367954031576787e-01
1.109422500845913540e-01
2.263962772386999278e-01
2.283237001189273307e-01
2.426988929390286875e-01
1.734612318410658771e-01
1.904806528712820191e-01
1.314418074392570412e-01
1.954915356884374678e-01
1.464014771925348235e-01
1.185160876356794457e-01
1.458113535072680378e-01
8.841694756916573805e-02
2.569400967888331166e-01
2.237442931235795740e-01
2.962652126560373356e-01
2.512437818706013681e-01
1.252144092336027192e-01
1.862615596804694240e-01
1.407811090590586067e-01
2.184085862724465255e-01
3.612058639612741873e-01
3.415376813486106222e-01
4.222787632803699509e-01
4.243661370689255641e-01
3.846153850573760247e-01
3.435564289593923126e-01
3.598103146415158049e-01
4.331728731182409309e-01
3.948936174504300567e-01
3.867138696468735981e-01
3.416523240521712745e-01
3.912466847986687535e-01
3.786610883303488384e-01
3.497513988892546610e-01
4.804819281281269561e-01
4.189723324942585814e-01
4.192620180947341790e-01
4.113988759487144931e-01
3.798463629644407424e-01
3.343591786614125150e-01
4.555250974047404533e-01
3.352959411886210495e-01
3.730410639029546616e-01
3.467811993564509088e-01
3.428258494497755660e-01
3.701889438679243360e-01
3.966689332115321820e-01
4.040624480409077401e-01
4.117554120621302882e-01
4.394321048473917024e-01
4.122518924659061001e-01
1.241904778586847558e-01
2.325581408869659139e-01
2.015122888440220583e-01
2.101576197506175303e-01
1.949001440889797099e-01
2.884889535130275018e-01
2.767550713311153210e-01
3.665292673264149981e-01
3.559216671496399087e-01
3.999705154062058732e-01
4.143404496246025914e-01
4.706102123653670422e-01
4.344978172798424909e-01
4.497596160459619297e-01
5.398623145238037324e-01
5.468022029364651981e-01
5.412366166284975355e-01
5.230914235943009416e-01
5.481462413764621733e-01
5.587497914434649271e-01
5.700763362060485839e-01
5.596893936686667681e-01
5.043562443858520261e-01
4.736842110218584256e-01
3.586324793633817176e-01
2.662485757322567981e-01
2.874036001929672901e-01
1.368286458810283879e-01
3.874129489458176812e-01
2.471150029883074639e-01
1.335468609754255631e-01
1.818065843559497630e-01
2.601074494485333677e-02
1.427376649808507203e-01
3.975200590839775838e-01
4.547337896677711155e-01
1.655163924506822815e-01
3.225394127369627384e-01
3.351573194993646698e-01
3.207152574289289237e-01
2.179487188601996195e-01
7.954545585291838972e-02
1.455912520224316165e-01
3.421111366412507016e-01
3.153526981100285287e-01
2.264083252883526409e-01
1.185185196640434757e-01
2.084749888192386491e-01
1.448050188917302528e-01
2.993854268373055127e-01
4.398148155558004868e-01
1.127052019413640194e-01
2.824858767196526399e-01
5.258620696041729214e-01
1.000000000000000000e+00
1.587938408712387117e-01
1.407178228456462676e-01
1.238520084966517887e-01
8.825174952692060870e-02
1.795841220907586910e-01
3.147410367979928125e-01
1.085714298775509734e-01
