2.376873688876254276e-01
2.139738019869950048e-01
2.000000029629630527e-01
1.718518549190672928e-01
1.947565573230092273e-01
1.528089919370450023e-01
1.511363668517562431e-01
1.825757606720616044e-01
1.613636395402893164e-01
2.528735660809442454e-01
2.580261622749657757e-01
3.056478434150837753e-01
2.609819153273820191e-01
2.082788705521618766e-01
2.434389174505027231e-01
1.098901139657046944e-01
8.480074566820794413e-02
1.369606044232617448e-01
3.134598043655836275e-01
2.581521772728615494e-01
3.291666697723766299e-01
3.639240535084807826e-01
3.351648382089522649e-01
2.733516516787928285e-01
2.906403972653811563e-01
2.969924845066143071e-01
1.761133644933533526e-01
1.418028511238648148e-01
2.021333375886221750e-01
1.940540584105185928e-01
2.167567609905040049e-01
2.864864903433163024e-01
2.657534286808030943e-01
1.342592642693329896e-01
1.763341115061826114e-01
6.399265178204132098e-01
1.900311576945099556e-01
5.968379473199081353e-01
2.297297346864238810e-01
5.411764739619376874e-01
5.676470620025950709e-01
5.389705916252162110e-01
4.882352978806228094e-01
5.308823563905709086e-01
4.882352978806228094e-01
1.414496893634785701e-01
1.460674217270545583e-01
1.588194015543260562e-01
1.470588959775076532e-02
6.328183176393054055e-02
1.014295500243053150e-01
1.722520162717693371e-01
5.454545488980715451e-01
5.684615417810650051e-01
5.960937531555174917e-01
2.711640259843648426e-01
5.904761937263793836e-01
1.569767503126690000e-01
5.460317496346687172e-01
5.714285748299319234e-01
5.619047653817081933e-01
5.904761937263793836e-01
5.809523842781556535e-01
3.951310899180331404e-01
5.357142893990929355e-01
5.150793689279414833e-01
5.177419393730489094e-01
5.451612939906347322e-01
5.377049218220908422e-01
5.966666700277777347e-01
1.691394720390246853e-01
5.322033937948864590e-01
5.732758657476217934e-01
5.344827626337692594e-01
5.827586242865635535e-01
5.922413828255053136e-01
6.465517271848988390e-01
6.465517271848988390e-01
6.741379338436385149e-01
6.293103480231866387e-01
6.508620719753269723e-01
5.827586242865635535e-01
6.379310376040427943e-01
6.741379338436385149e-01
6.315789506001846521e-01
6.228070208525700036e-01
6.526315819944598084e-01
6.071428606505101522e-01
6.544642887994259750e-01
6.544642887994259750e-01
6.250000033482142614e-01
6.181818216528924825e-01
6.400000032727272137e-01
5.980861282479796870e-01
5.980861282479796870e-01
6.210526352052379018e-01
6.181818220385674190e-01
5.679012390133617583e-01
5.360082352262527383e-01
5.272536737185149480e-01
5.227525025221697597e-01
4.773755715229007768e-01
5.248868832026369891e-01
4.798154615938239331e-01
5.271049650852945856e-01
5.501730155689386059e-01
5.386389903271165958e-01
4.925028893598282220e-01
5.501730155689386059e-01
5.501730155689386059e-01
5.386389903271165958e-01
4.925028893598282220e-01
5.501730155689386059e-01
5.178777448918367998e-01
5.411764759861590335e-01
5.082352999031141128e-01
4.981992857359028859e-01
5.698529464478805373e-01
5.118898684369228569e-01
5.140665023776662679e-01
5.626598521398995523e-01
5.626598521398995523e-01
5.626598521398995523e-01
5.626598521398995523e-01
5.626598521398995523e-01
5.626598521398995523e-01
5.856777546588523009e-01
5.856777546588523009e-01
