5.401869160597432273e-01
5.148704830848774838e-01
5.212348840145135664e-01
4.721665652617098585e-01
5.410581759073265218e-01
5.239769430832847963e-01
5.327564896857204246e-01
4.817056888268024251e-01
4.723950926954146867e-01
4.763118761519813393e-01
4.729695857816804683e-01
4.764005113663380975e-01
4.818449462373876058e-01
4.834453471803713542e-01
4.908333675673376417e-01
4.834883918014045712e-01
4.846749160575948290e-01
4.847853455377065801e-01
4.974572958241155751e-01
4.779352995339130050e-01
4.833424360444723566e-01
5.046858585817668441e-01
5.169239661863600510e-01
5.065765659037944069e-01
4.882413089947139628e-01
4.944639483451780393e-01
5.498117943897430360e-01
5.647880540996462750e-01
5.878864889102120017e-01
5.951056730986474808e-01
5.920197266493676391e-01
5.894514769265006837e-01
6.045934203650582539e-01
5.594766199321301592e-01
5.197251017504935788e-01
5.432787746569989196e-01
4.960195706542749328e-01
4.956566393531359749e-01
5.531544238445582629e-01
4.939024392401917263e-01
5.415016725456531788e-01
5.639647546473749440e-01
5.338218932840341768e-01
5.410126107506070259e-01
5.475769102129092181e-01
5.311564410477999099e-01
5.343650250376318356e-01
5.385929936368991644e-01
4.960850358706596630e-01
4.835617628888090325e-01
4.780607550615610934e-01
4.848205265652560936e-01
4.998893268848159099e-01
5.028135225723823210e-01
5.159605341685072899e-01
5.101537379365870262e-01
5.214397498227409944e-01
5.270776031351951385e-01
5.317683883157753311e-01
5.119579154272764221e-01
5.117911165547311958e-01
5.208729914910474879e-01
5.333720257451797231e-01
5.190309891167361744e-01
5.118335388387147411e-01
5.242186474710828215e-01
5.188258934573137804e-01
5.259207236179619382e-01
5.346426862628390619e-01
5.380193364959413582e-01
5.171359967181243800e-01
5.102379395283833663e-01
5.293991602256795659e-01
5.583170096480913891e-01
5.541583311337286988e-01
5.638904736517438288e-01
5.698838927622854600e-01
5.820755822385728084e-01
5.865921789335934999e-01
5.832261178903079823e-01
5.415180848981019368e-01
5.893126141325170098e-01
5.616281449942204240e-01
5.323484465960639511e-01
5.471217527493473787e-01
5.415180848981019368e-01
5.728308290625179211e-01
5.947779851613912427e-01
5.683165146691027125e-01
5.645946721919242739e-01
5.799927482454402261e-01
5.808225927342489658e-01
5.771414765506256428e-01
5.756072597237875677e-01
5.764114814576405399e-01
5.712676293201753852e-01
5.706933346287739184e-01
5.634509350510132908e-01
5.649838884718731968e-01
5.553348234602537570e-01
5.477880055359523048e-01
5.591926249607307442e-01
5.604244291428703839e-01
5.466853217782456920e-01
5.450930558559100580e-01
5.306097108611242952e-01
5.403971878046144317e-01
5.505997775874521549e-01
5.526624248356235558e-01
5.427159035225976869e-01
5.526624248356235558e-01
5.552187278197890929e-01
5.562603650264260624e-01
5.542129329056936227e-01
5.639334980122432395e-01
5.705167298570895662e-01
5.778287648118871633e-01
5.727108781159476747e-01
5.719784451310812035e-01
5.893126141325170098e-01
5.878841301382731199e-01
5.943471657494414639e-01
5.850635896204690045e-01
5.968310591078721528e-01
6.011661809241291010e-01
6.038555414702950763e-01
5.998161228635479070e-01
5.988182308173967128e-01
5.961314477553529834e-01
6.066713571962623064e-01
6.016700427424785946e-01
6.026755854503864640e-01
6.030320509174293964e-01
5.998161228635479070e-01
6.005519706154665016e-01
6.094058013399019647e-01
6.116098387296767802e-01
6.102177488830983210e-01
6.131609128749313520e-01
6.106511703507995215e-01
6.090286503185036171e-01
6.090286503185036171e-01
6.067537690023100394e-01
6.120589764605990357e-01
6.107369097864097096e-01
6.107369097864097096e-01
6.134777378205062970e-01
6.134777378205062970e-01
5.993160446202352443e-01
6.047424434084318623e-01
5.902817713011246914e-01
5.890922676341292519e-01
5.923703035466700850e-01
5.759667942399346874e-01
5.810850016241514426e-01
5.763058070047497594e-01
5.782710282133382007e-01
5.782069528041443585e-01
5.690481239902276389e-01
5.684285536452913234e-01
5.575685745184690845e-01
5.591175604002540656e-01
5.589005781700275843e-01
5.542113388869003288e-01
5.557680317789366331e-01
5.589005781700275843e-01
5.490196080296931846e-01
5.505958561846132637e-01
5.629250274691776079e-01
5.661733617056349255e-01
5.479121717866428654e-01
5.358028846084166297e-01
5.306319548475195713e-01
5.410482573398998074e-01
5.341456143082922159e-01
5.381024423868154827e-01
5.364996748919974578e-01
5.496728394347718538e-01
5.542113388869003288e-01
5.594446783510960142e-01
5.526624248356235558e-01
5.541934149703071633e-01
5.516751270856141698e-01
5.451289983132054928e-01
5.513100438495430744e-01
5.470652928405909110e-01
5.355694804703405865e-01
5.187312689315970449e-01
5.222648188388319124e-01
5.188050262762607945e-01
5.239323469243415410e-01
5.169569975944807716e-01
5.206094696438006153e-01
5.170974749746209964e-01
5.262468856259778782e-01
5.227097439700446602e-01
5.173987452203261395e-01
5.105533373511108586e-01
5.067889109335128595e-01
5.122228541075686259e-01
5.156931314960526702e-01
5.191513414550883443e-01
5.157412709630834202e-01
5.083039102444077972e-01
5.174161686520162284e-01
5.188383384805437260e-01
5.190829809519544868e-01
5.190829809519544868e-01
5.190829809519544868e-01
5.190155642417288995e-01
5.244108110164709124e-01
5.243605621399887173e-01
5.346581400340537638e-01
5.207383187674303748e-01
5.309385472111036730e-01
5.309385472111036730e-01
5.342494806233831772e-01
5.342494806233831772e-01
5.291166382808247803e-01
5.226161371277435741e-01
5.172804534681715305e-01
5.243790250473654435e-01
5.294791072478186589e-01
5.223867521587721718e-01
5.396033160281223928e-01
5.398673996598327696e-01
5.414275780118990022e-01
5.468176124327798204e-01
5.483398649720769846e-01
5.483398649720769846e-01
5.382746053036475686e-01
5.483398649720769846e-01
5.580836811367784200e-01
5.500851790672549591e-01
5.547631178660370477e-01
5.594109683651782294e-01
5.579331721827651691e-01
5.595683032127122258e-01
5.625714166648730918e-01
5.594109683651782294e-01
5.562996353053017984e-01
5.513888890835985102e-01
5.492633911482315279e-01
5.524836188744520760e-01
5.440070581254434767e-01
5.430947886273577163e-01
5.529153275204803375e-01
5.659800124144482858e-01
5.685248542690581885e-01
5.799689751481766908e-01
5.729331431762150206e-01
5.734488710430456493e-01
5.720850302342118665e-01
5.658995428613229350e-01
5.779504790970719785e-01
6.022067364889640562e-01
6.047583794572760629e-01
6.194057166940385439e-01
6.147984826643757561e-01
6.141740013695730083e-01
6.189860739865630235e-01
6.195376821977398585e-01
6.152506413707683475e-01
6.198610851574177794e-01
6.218128970263774313e-01
6.261685195723318831e-01
6.272487864875309072e-01
6.214752271398835681e-01
6.207750443412847208e-01
6.317206066987065549e-01
6.384311906513173707e-01
6.446344478659248312e-01
6.534402006552411102e-01
6.607674552003053314e-01
6.623840115351673496e-01
6.544237014155763754e-01
6.444595978027753969e-01
6.366139023962099630e-01
6.264498722267757280e-01
6.338052850515857317e-01
6.277599254940189333e-01
6.191465062059506863e-01
6.207629371229543835e-01
6.062170670133970596e-01
6.137340581854651145e-01
5.995496945786249476e-01
5.961327983961572929e-01
5.960210519965580822e-01
5.696990143672180373e-01
5.751773326194126179e-01
5.578327350797462891e-01
5.466505247995760985e-01
5.453569956478097058e-01
5.149604941431887850e-01
5.201560470220389920e-01
5.203967229321273535e-01
5.203967229321273535e-01
5.121010925199823705e-01
5.241487145916657875e-01
5.224416519097025979e-01
5.238054463419226092e-01
5.189687698516165515e-01
5.079115236898718022e-01
5.109917563864636580e-01
5.061112498935265158e-01
5.004971828387068111e-01
4.932821499235240381e-01
4.960795887800018011e-01
4.883920896438554982e-01
4.901833874907515209e-01
4.971012599724941028e-01
4.885805397360248881e-01
4.938056946342943565e-01
4.937595798144254200e-01
5.048902414671201377e-01
5.025559670797832279e-01
5.169534846153716057e-01
5.202425693883487856e-01
5.115731661603359903e-01
5.287356323801700730e-01
5.200993585095842198e-01
5.236660931481642578e-01
5.234083576330070819e-01
5.476700150058990690e-01
5.422999715095662143e-01
5.262689227298185113e-01
5.234847841089912412e-01
5.234398587469530906e-01
5.187465027253469474e-01
5.200451724275527710e-01
5.145844317718395455e-01
5.145652561029904204e-01
5.312568934877766047e-01
5.265494585657300997e-01
5.399842686855513829e-01
5.463446763792119132e-01
5.369994933531848647e-01
5.444267651183205547e-01
5.461425269934233606e-01
5.529981831128327752e-01
5.485781992502289928e-01
5.319609969610143985e-01
5.637428979209238022e-01
5.619323419060452407e-01
6.020460142618023758e-01
6.222793909011068436e-01
6.117575513432971235e-01
6.301877954046040120e-01
6.330472104410456158e-01
6.363368670360951551e-01
5.434434359815991655e-01
5.655553054120465717e-01
5.754119139732305488e-01
5.870179804790915945e-01
5.882485199774232232e-01
5.228045734037599646e-01
5.325211733770616185e-01
4.749199065294696931e-01
5.456153542008510549e-01
5.453147653888701374e-01
5.602752839158309239e-01
5.718292741938996171e-01
5.916968019575932214e-01
5.745992603743719229e-01
5.636209177064277487e-01
6.124468283648756284e-01
6.320527677903321484e-01
6.381194524117402844e-01
6.581929557391410501e-01
6.433878159109425177e-01
6.774193549791391877e-01
5.519782600746265810e-01
5.530112925465981988e-01
5.631289415612823479e-01
5.745296009295413064e-01
5.698543505318827140e-01
1.000000000000000000e+00
5.241771451903767254e-01
5.378151262495949325e-01
5.133456053781197959e-01
5.239505717943487850e-01
5.140151337200709047e-01
5.195755057509559016e-01
5.411227156186484422e-01
5.740765676701778952e-01
5.936274732553844524e-01
6.147317641422558321e-01
6.416333276910621830e-01
4.721085725255876886e-01
4.620137768820767876e-01
4.781538466890730144e-01
4.801619438459898692e-01
4.877712036609751500e-01
4.799415779163178630e-01
5.099236645897675668e-01
5.174083043032877693e-01
5.600110369171240610e-01
5.571599378670468727e-01
8.060937296092114401e-01
8.003604515760709415e-01
8.014458813422102867e-01
5.566849820909478552e-01
8.242065197912067376e-01
8.107300237864072390e-01
8.146107570985137158e-01
8.142783708341815307e-01
8.068800990172061427e-01
7.982314868886227766e-01
8.061402521932293785e-01
8.083861269707972586e-01
8.068233424708153301e-01
8.135732969937525816e-01
8.082393876664608623e-01
8.105603028890360218e-01
8.120098525489057861e-01
8.126252222782331947e-01
7.954815343203058831e-01
7.976452399959430561e-01
8.028750000616016180e-01
8.041041107309696567e-01
8.034225099061236275e-01
7.969387115623427498e-01
8.055282905976226537e-01
8.006038373533085339e-01
7.972747140386698961e-01
8.126847622236345048e-01
8.343145793992982062e-01
8.393844001960879542e-01
1.000000000000000000e+00
5.313417375830238321e-01
5.365437162427051376e-01
5.186746992094021236e-01
4.810586408224712951e-01
4.937213647601209621e-01
3.842694727776434505e-01
3.259433367259920722e-01
3.560026913607713395e-01
3.828495887369450790e-01
4.031432106638747070e-01
4.028132236911310393e-01
3.954798912116028742e-01
4.003193569103321581e-01
4.319278137268441897e-01
4.332509273888914825e-01
4.266622121468636175e-01
4.262773725849088313e-01
4.266622121468636175e-01
4.322301027624506631e-01
4.415212882473095179e-01
3.965626992670778783e-01
3.606518939144964797e-01
3.565891476590367093e-01
3.305260664666828108e-01
3.348653589447496692e-01
3.277166848009243072e-01
3.361938124131967909e-01
3.072875722362942152e-01
3.220707490174692378e-01
3.528718872824366803e-01
3.897379342525403301e-01
3.954715789330914832e-01
3.828331271173914807e-01
4.061373757652441130e-01
3.806312534516437251e-01
3.881283665910411074e-01
5.342068166787432570e-01
3.799884329786070714e-01
3.867636708596786654e-01
5.402498413973111369e-01
5.425613173459384875e-01
5.377874224688947713e-01
6.098201824411608740e-01
5.204081635051980292e-01
5.925084663448796363e-01
6.075867636773257807e-01
6.145703126505583924e-01
6.155915012811343789e-01
6.331940168524732293e-01
6.415584416877495588e-01
6.463902337590716751e-01
6.666446194633757205e-01
6.566391110154566890e-01
6.487403101990794063e-01
5.188644690847690200e-01
5.138158848850769012e-01
5.367242099612513639e-01
5.278333258020586616e-01
5.242936796493962159e-01
5.513368499675623813e-01
5.238050257303017432e-01
5.219535327065180086e-01
5.369919634732528424e-01
6.502839241399764880e-01
6.437426596490465336e-01
6.644155845245404146e-01
5.554687196453953479e-01
5.397008057127647973e-01
5.037927215955881888e-01
4.927761919314922467e-01
4.958137103192857831e-01
5.070289732954615936e-01
5.053266591771160554e-01
4.914331610336278855e-01
4.863682890637535117e-01
4.970361058482862804e-01
5.142933836557538330e-01
5.179560480981079129e-01
5.320390927643218193e-01
5.466075390037217208e-01
5.551072963282801531e-01
4.833948342131022535e-01
4.950684530668489902e-01
5.019151446170128095e-01
4.942757595036703089e-01
5.624755702225947562e-01
5.635872173503129190e-01
5.394998017116581224e-01
5.338531344285040170e-01
5.302101006871937638e-01
4.928284570995586922e-01
3.640012513740610300e-01
1.000000000000000000e+00
1.000000000000000000e+00
5.801163842470974386e-01
5.916728140384617252e-01
5.246291291495539522e-01
5.573451099461639302e-01
5.731394017733926205e-01
5.951420003720730989e-01
8.879625721514131653e-01
8.652007983385733292e-01
7.608602763990669482e-01
7.537475521617420515e-01
7.503429356159322383e-01
7.396963124554978286e-01
7.232872146280089343e-01
7.395975282080184954e-01
7.347983437987681832e-01
7.557496082411317984e-01
5.177352771777443685e-01
7.411642412570205174e-01
7.415332890619082962e-01
7.721573098560283732e-01
5.458758113186655825e-01
5.408206255448473332e-01
5.417474096033807474e-01
7.873852736914687123e-01
7.802746149429756750e-01
7.791136954176558493e-01
7.814795554243386677e-01
1.000000000000000000e+00
1.000000000000000000e+00
1.000000000000000000e+00
1.000000000000000000e+00
1.000000000000000000e+00
1.000000000000000000e+00
1.000000000000000000e+00
1.000000000000000000e+00
1.000000000000000000e+00
1.000000000000000000e+00
1.000000000000000000e+00
1.000000000000000000e+00
1.000000000000000000e+00
1.000000000000000000e+00
8.338798757813025153e-01
8.989261110701991520e-01
4.763670069286654041e-01
5.144494064247624454e-01
5.005476455467624541e-01
4.972617747937806421e-01
4.462886515744471927e-01
4.843710510705442340e-01
4.786418405268836329e-01
4.886679589782897404e-01
4.786418405268836329e-01
4.786418405268836329e-01
4.730811361756835920e-01
8.107195251575450845e-01
8.222056783790038237e-01
4.649928389375744819e-01
4.403890925836472237e-01
4.573913046174452601e-01
4.862871824622693184e-01
4.799900162409601601e-01
4.635136258895770078e-01
4.671834194395623197e-01
4.656324950422857656e-01
5.562276834462391850e-01
5.492247262562643950e-01
5.256852425459769274e-01
4.978363215094220307e-01
5.073018245195251019e-01
4.917996940774984616e-01
6.264958830278148927e-01
5.284154595340547766e-01
5.449915112444401188e-01
5.221451689680327579e-01
5.170541160837204275e-01
5.060431389428955429e-01
4.912712193811384909e-01
