1.889748459159369398e-01
2.831328146812300828e-01
2.889015478548838667e-01
2.862294774194602542e-01
2.865478123238954788e-01
2.776147660777971149e-01
2.859892228223684940e-01
3.058733794308383658e-01
3.077292370102115981e-01
2.872999859270097822e-01
2.524129866177181603e-01
2.714034405436848152e-01
2.755991288989902976e-01
2.755417960160885249e-01
2.730349031842623786e-01
2.945945949350412540e-01
3.267214511539050514e-01
1.933803252664315631e-01
1.844442180338653481e-01
1.889812254083403920e-01
2.018779346840644529e-01
2.218679288099835167e-01
2.489744402813850455e-01
2.271397418867281415e-01
2.124776414914208988e-01
2.258596071482700252e-01
2.433944500950565581e-01
2.653442905835395882e-01
2.782805433946377027e-01
3.012797078603919321e-01
2.745440650461155041e-01
2.286756620367851323e-01
2.209348785908710200e-01
2.211258133992342056e-01
1.951547783786704571e-01
1.815792360192863830e-01
1.850735021350097265e-01
1.832132794742596937e-01
1.708972238028920732e-01
1.606626352034380423e-01
1.376080696080650423e-01
1.884414390877950929e-01
1.905978542715391910e-01
2.468594515755162533e-01
2.201657060806406774e-01
2.082195721568138591e-01
2.324386068758620416e-01
2.383308442688896189e-01
2.545897946649842147e-01
2.131406641620497977e-01
2.775635061056153097e-01
2.929089447162194215e-01
2.876712332019766283e-01
2.714819430508362830e-01
2.769382858932644131e-01
2.595529924251127607e-01
3.098455601627847500e-01
2.985047077263685011e-01
3.012704177480243217e-01
3.025362322080378252e-01
3.003913897584608028e-01
3.032794635179664189e-01
2.833928058234194136e-01
2.496652951605765614e-01
2.262864232143591003e-01
2.696192699976072138e-01
2.763632618924011242e-01
6.211736853141813786e-01
6.042617962657073072e-01
6.015410961178417892e-01
6.193283627424261972e-01
6.010057224432080458e-01
6.046471304522009760e-01
5.876538930769008573e-01
1.699705707313173830e-01
1.915336956782729416e-01
1.861106608328678691e-01
1.841387064889288272e-01
1.668629554781247970e-01
1.564801182640016552e-01
1.864843125843473892e-01
2.238179768577172046e-01
1.598144301392766531e-01
2.417724803100427255e-01
2.566950387914184173e-01
2.910626179912190192e-01
3.065483695586286306e-01
3.134120920711743752e-01
3.565508218910615756e-01
3.950437320723790835e-01
3.822620976701170958e-01
3.534180765922239065e-01
3.369668013852138433e-01
3.779692486418959607e-01
3.704128443375320767e-01
3.282965078031377937e-01
4.346943381751886548e-01
4.149566178143705431e-01
3.710021324941946697e-01
3.403338721592333860e-01
2.886087351600336026e-01
2.328573594869279839e-01
2.804936136477620412e-01
2.557180854362951505e-01
2.437095932012451893e-01
2.040620286336114475e-01
1.659231138272789785e-01
1.988279618627840639e-01
1.946704071086159393e-01
1.979326725343704130e-01
1.983413963610497488e-01
2.017980639917943408e-01
2.084367249294932778e-01
1.741694236664416140e-01
1.251852992254841590e-01
2.147806008648803777e-01
2.502612334115666970e-01
2.581159647794845080e-01
2.251734497125538192e-01
2.211226229466921600e-01
2.063834158423730747e-01
2.028245970811687338e-01
2.014742018829472903e-01
3.236631505439873102e-01
3.208944988700349610e-01
3.103007040899823377e-01
3.144561728708323844e-01
2.992840533999342467e-01
2.758369726729271720e-01
2.717056374516468864e-01
2.595494616577820324e-01
2.844936142811235191e-01
3.097891311032963113e-01
2.210432460004265742e-01
2.287091594230007408e-01
2.341806385279517899e-01
2.532329919755923475e-01
2.349036682751158844e-01
2.167411484974470781e-01
2.398034401430406692e-01
2.099205265324195491e-01
1.778373551677544517e-01
1.654054057976942493e-01
1.646178772800562795e-01
1.809555601845529438e-01
1.959595963373457206e-01
1.928501609678117124e-01
1.448230672417042397e-01
1.743042675443857714e-01
2.538553886536820681e-01
2.870870324484822156e-01
2.785806336162643948e-01
2.790480637988576040e-01
6.599462367223760673e-01
6.614009663471492884e-01
2.314567905029842887e-01
2.219696973626416048e-01
2.045626231532645667e-01
1.531494017943001440e-01
1.327433632941980024e-01
1.543723039280372467e-01
1.595330743660009487e-01
1.546296300644909305e-01
1.681067155939028890e-01
1.529370528554574449e-01
1.681877448605979541e-01
1.532953460978794258e-01
1.560421015013195856e-01
1.715116283083761850e-01
1.637015927050807784e-01
2.193726765090224795e-01
2.399963460442187113e-01
3.050227498862420061e-01
2.685464005527208320e-01
3.255692685009693443e-01
3.219137628377716220e-01
3.945162120820787655e-01
3.832976448037269668e-01
3.861809477568920457e-01
3.836342485527495239e-01
4.004843029013618327e-01
4.134673717768145851e-01
4.117750751754912786e-01
4.032172998403580344e-01
3.806138064167879920e-01
3.524210915056020799e-01
3.373605951034569506e-01
3.261499629178431503e-01
3.399971977486117014e-01
3.537281320265094342e-01
1.000000000000000000e+00
1.000000000000000000e+00
2.943058826850325493e-01
2.856134409686981179e-01
2.956979150405326662e-01
2.601819657694555143e-01
2.560067844831778183e-01
2.610816842017090744e-01
2.652912845290869015e-01
2.290634587265565347e-01
2.636643060877258415e-01
2.490289551337265816e-01
2.746643940870809875e-01
3.229108582319322185e-01
3.830262425523818237e-01
3.189481046772264516e-01
7.832148114806125605e-02
7.788825801236354263e-02
1.211311721070692515e-01
2.128164560625388502e-01
2.632907844656610097e-01
3.395127121559353700e-01
4.047350622553196331e-01
3.687714599410554239e-01
3.287466350460465092e-01
3.227917123887292794e-01
3.228536883019533787e-01
3.472527475044331347e-01
3.793627863358821628e-01
3.389968581640107059e-01
3.305353631348506571e-01
2.745171342577291673e-01
2.412309019835460200e-01
2.703655355655502079e-01
2.467157242351515345e-01
2.322169062509833459e-01
2.114832539478317397e-01
2.057416271561897103e-01
2.302574621871690264e-01
2.322624747175837667e-01
2.490316704265064240e-01
2.709045343946664408e-01
2.640732268814309780e-01
2.628361299642214544e-01
2.534527812367241006e-01
2.351673075099974808e-01
2.567303217248577685e-01
2.492198585110071418e-01
2.517097267991500464e-01
2.310371151459607031e-01
2.105715107286654231e-01
1.868383408741829399e-01
1.890163629918110155e-01
2.128726799114604162e-01
1.919859306055775594e-01
1.406060020715889092e-01
1.411609502877156919e-01
1.529564844330603135e-01
2.097687811264886681e-01
2.732196049854591635e-01
3.235679932997078678e-01
3.954411146494549723e-01
3.640354582676085249e-01
3.522267209328345805e-01
2.956289030795589134e-01
2.519812019664664504e-01
2.334469768376785659e-01
2.198744102214444940e-01
2.190649118388265926e-01
2.055781311389092147e-01
1.365452186857846195e-01
1.364428105591044549e-01
1.982378858464671767e-01
1.864064606871724816e-01
2.068965520957193327e-01
1.940666896413556497e-01
2.181921227835117438e-01
1.771428575346938317e-01
1.876043796680254561e-01
1.417592642117777579e-01
1.271742375871314223e-01
1.288383190257188504e-01
1.288857845771739230e-01
1.936153393982924520e-01
2.887931037851491078e-01
3.188085269781146813e-01
3.149725537975711642e-01
2.915822971306613054e-01
2.729404870160556662e-01
2.856793747381821680e-01
2.992583978967290337e-01
2.894711118929166327e-01
3.173601151040841284e-01
3.144092222313116247e-01
3.539172247789585946e-01
3.414086394584248119e-01
3.357590364646944048e-01
3.395202329345673453e-01
3.246753250038059146e-01
3.223320736055383939e-01
2.898521777417837342e-01
2.667167546873444595e-01
2.499249177846005754e-01
2.604208022725184035e-01
1.877777781879910179e-01
1.832330569423533673e-01
1.607437401105894503e-01
1.519196165007400401e-01
1.632591250627194457e-01
1.750921153647300166e-01
1.385710025183743976e-01
1.166843465592339868e-01
9.663538851333119961e-02
1.424826527152491806e-01
1.200498913210426011e-01
1.309217500979155124e-01
1.331923894325225399e-01
1.192796719342602563e-01
1.139757121670437190e-01
1.792828689151569899e-01
2.090361168018333160e-01
1.320367478830938301e-01
1.307984055573283566e-01
9.544994990118804701e-02
1.396858959329074779e-01
1.705727227095722442e-01
1.741178833329400932e-01
1.887577734961769504e-01
1.918107736077266923e-01
2.015651752499070248e-01
2.134488772204449214e-01
1.943473197385647833e-01
1.900470223402982439e-01
1.581027672143761054e-01
1.554307120266948949e-01
2.160548217248875469e-01
2.065185189103612151e-01
2.019415565949137514e-01
1.947193082418977594e-01
1.633311818228478929e-01
1.885587071974839102e-01
1.748419241354465248e-01
2.147194115847657070e-01
2.468305189039176062e-01
2.757295767652869767e-01
2.745115901113386325e-01
3.403141364234003596e-01
3.387601756244922324e-01
3.391285018500984627e-01
3.809990208567701764e-01
4.003795069331097523e-01
4.043109082026272727e-01
3.458161160403842027e-01
3.803335616455340018e-01
3.464013414013943359e-01
3.151525202723516328e-01
5.916063858870002079e-01
2.374370392190248147e-01
1.866288397763482543e-01
5.829286994742342021e-01
5.538204488440199302e-01
5.673469390471919116e-01
5.680948267884338154e-01
2.207451569473948272e-01
1.979803984567980457e-01
2.007248075749796801e-01
2.173611115640271541e-01
2.233940560224810801e-01
2.407975464004102895e-01
2.262443442804201732e-01
2.184603379751876018e-01
2.452830192118844455e-01
2.403888646750380609e-01
2.796967147094790995e-01
3.043478263670097439e-01
3.765949692393019133e-01
2.966399200532263691e-01
4.059753956791466445e-01
4.287268772704925235e-01
4.135519655117948501e-01
3.908129493053955628e-01
4.043720323381480020e-01
4.415235617150143899e-01
4.324324326659128026e-01
4.174724054858079958e-01
3.766348927614121544e-01
3.341404361339160856e-01
3.111935113273726072e-01
2.957746482179461900e-01
2.400192403847911660e-01
6.987495264784248095e-01
2.740621450956507443e-01
1.000000000000000000e+00
2.288272076407601441e-01
2.255115577749565725e-01
2.097859041257171819e-01
1.000000000000000000e+00
1.000000000000000000e+00
2.174941998990745917e-01
2.064325569851223063e-01
2.718894012442886199e-01
2.929335648103634782e-01
3.089331043523568798e-01
3.074156946989708983e-01
3.132438391852359061e-01
3.244655007594486884e-01
3.467870422211744019e-01
3.446601944466599621e-01
3.366079170608792248e-01
3.394461235503389851e-01
2.954536038395898512e-01
2.931104772551527127e-01
2.950287287471776709e-01
3.009564032207359130e-01
3.062605755895683179e-01
2.719486084488442756e-01
2.572644121432612341e-01
2.321359931524640263e-01
2.685239824376111084e-01
3.205967027302639716e-01
3.455551715039972827e-01
3.250399151476672799e-01
2.563747351589356072e-01
2.371087998405693176e-01
1.841666670443672382e-01
1.362203176981868769e-01
1.683823533488321145e-01
2.366260971617010211e-01
2.361840524036694644e-01
2.857010474999068794e-01
3.063265034720322744e-01
3.377771971690946007e-01
2.484669870948961190e-01
2.609039341295898984e-01
2.789466418309716200e-01
3.167102909874132122e-01
3.132574369660037217e-01
3.370679491349596324e-01
2.805667639670794689e-01
2.555729838606526361e-01
2.912680838361678681e-01
6.835939392537183634e-01
6.868858015748240398e-01
6.963257008779950574e-01
1.989156222109136340e-01
2.457762505466543068e-01
2.448080557463290230e-01
2.259282571399873207e-01
2.351261077430768509e-01
2.520496719317016909e-01
3.018419215193089977e-01
3.239223943790965343e-01
2.940097802830496931e-01
3.229166669843671622e-01
6.842657344234437389e-01
6.798635156405923308e-01
3.356748859857268119e-01
3.548312101949078201e-01
6.732052995413344565e-01
6.685755560704866873e-01
6.578303215156344752e-01
6.624507569653479422e-01
6.594954343189931567e-01
6.510732260187566123e-01
6.514183492709335610e-01
2.403330160788740288e-01
1.934778188881370875e-01
1.747607235657260283e-01
2.520775626968353444e-01
2.435587963724524796e-01
2.128556379081461003e-01
2.147580929766007563e-01
1.997646370502281776e-01
1.942541767140125719e-01
1.000000000000000000e+00
1.000000000000000000e+00
2.410320960250607047e-01
2.304832717422156119e-01
2.424170507227336735e-01
2.373298036888569218e-01
2.609125586189610102e-01
2.524548773718998662e-01
2.301318271044576758e-01
2.423179461941359358e-01
2.181758687213426473e-01
2.423179461941359358e-01
2.657433059714943147e-01
2.745179066691837422e-01
2.683825247035097616e-01
2.690018001435221517e-01
2.638689680914870772e-01
2.544517341825437429e-01
2.184965619072817278e-01
2.025462966808707632e-01
2.343953346342144695e-01
2.278773009924528470e-01
2.049914465105205919e-01
1.919065918906708301e-01
1.685784518800806930e-01
1.298926933419045637e-01
9.240545937472366411e-02
1.944659947274548495e-01
2.009756101663796590e-01
2.975079431604904512e-01
2.837399927164792057e-01
3.181303119366711840e-01
3.225205430333840662e-01
3.509494722967516633e-01
1.000000000000000000e+00
1.000000000000000000e+00
3.541746095338473843e-01
3.698579258195477948e-01
3.666218910710908885e-01
3.731391143909399410e-01
3.645149528790504467e-01
3.648742213870878048e-01
3.585412137925018117e-01
3.454545457528117591e-01
3.114637615767580359e-01
3.136628970660055860e-01
2.884018439994346927e-01
2.469047961449148954e-01
2.229583757151286649e-01
1.572874498191865200e-01
1.879699252190626391e-01
2.003972198607759658e-01
2.479701665181409664e-01
2.584269666393131937e-01
2.568858134916328639e-01
6.634429402014299093e-01
2.430750229281726238e-01
2.651439924031097073e-01
2.940425535252754186e-01
2.809263795514373996e-01
7.039085201500100419e-01
2.471429902224551167e-01
7.205365403697796545e-01
2.564244269796331910e-01
2.855832725212842371e-01
2.449687095380808088e-01
3.501642892525207440e-01
3.442933665660101727e-01
3.260259489461805327e-01
3.280537559683009974e-01
3.214663379463963411e-01
3.210388996991465627e-01
3.135895406839978028e-01
3.168548075839412448e-01
3.081632655776439522e-01
2.986922001795531134e-01
3.064378351687357949e-01
3.199713674858938317e-01
3.582417585029541440e-01
2.414910862409999082e-01
2.769857437080851525e-01
2.596957657212115578e-01
2.922608337753191954e-01
2.854094181000188524e-01
2.626066002676090694e-01
2.348495390017852902e-01
2.361290326100787818e-01
2.178365995333505500e-01
2.050503136486375722e-01
1.890732269312198621e-01
1.228240790028084506e-01
1.130434786893509402e-01
1.049592395647519494e-01
1.520972171932098993e-01
1.464435150645121420e-01
1.623376627560750851e-01
1.616090335912848674e-01
1.896432457803917115e-01
1.812220570386378071e-01
2.085172434357485116e-01
2.293868925478632637e-01
2.635169871192499791e-01
2.503798520878586231e-01
2.504185271342920238e-01
2.687321875201194032e-01
2.713424313046459702e-01
2.733144936646864087e-01
2.724640307336603229e-01
2.235746320289879741e-01
2.434829747974754932e-01
2.434829747974754932e-01
2.645247133176342746e-01
2.645247133176342746e-01
2.534371461817191973e-01
2.645247133176342746e-01
2.312620119098891536e-01
2.369782687444053071e-01
2.413622417377674356e-01
2.399267403029765600e-01
6.632016633683786022e-01
6.867386009215162845e-01
6.867386009215162845e-01
6.941972056614802433e-01
6.887112888667775712e-01
6.963036964553928065e-01
7.228771230155459637e-01
6.810176126845213229e-01
6.913499346247857780e-01
6.602564104292549807e-01
6.613946802601444741e-01
2.461362623633969182e-01
2.175365771186470454e-01
6.938850624670671596e-01
6.699070162352562807e-01
6.564600449928197357e-01
6.405946996118321302e-01
