3.058796616693816306e-01
2.863921631385304423e-01
2.758303997872989521e-01
3.155900813884929823e-01
3.111893466588131485e-01
3.271372611847540579e-01
3.225286122887592866e-01
3.150779632402342934e-01
3.037099626301137389e-01
2.835581625479733914e-01
2.785923756486442526e-01
2.607233629479087655e-01
1.991397852593783657e-01
2.083039011034047983e-01
1.888391809163961765e-01
2.102660704770952238e-01
2.173691236098543866e-01
2.135176654403412311e-01
2.157233450645069661e-01
2.319508451565832630e-01
2.198766606499539256e-01
2.558111957401125736e-01
2.598829857448280434e-01
2.679442926366130129e-01
2.874657781663032541e-01
2.619926202190244746e-01
2.819195542485386508e-01
2.524093989436839713e-01
2.487056952414553601e-01
2.267657995655890657e-01
2.231682459035182475e-01
2.069392816057323836e-01
2.058193080319865587e-01
1.799346564746455712e-01
2.573153741843492437e-01
2.294547152285790759e-01
2.566748053647811556e-01
1.969005667098409074e-01
1.939343682841944139e-01
1.855690265210915291e-01
2.219331602073510989e-01
2.447569307976067421e-01
2.047153311049955127e-01
2.465785025193839575e-01
1.000000000000000000e+00
1.427438544239715279e-01
1.000000000000000000e+00
1.185879760780915726e-01
1.020012659776928787e-01
1.000000000000000000e+00
1.000000000000000000e+00
1.000000000000000000e+00
1.552274248144144275e-01
1.000000000000000000e+00
1.000000000000000000e+00
1.000000000000000000e+00
1.279362419432823472e-01
1.453956783580319101e-01
1.746095317382279077e-01
1.427935285947775634e-01
1.000000000000000000e+00
1.399572652854252919e-01
2.874288041471966260e-01
1.257466452851808691e-01
2.056497178133146475e-01
2.249131071402200588e-01
2.641989265102433482e-01
1.496264999812771945e-01
1.715302494206666362e-01
1.573932346711337527e-01
2.123738011668258041e-01
2.669623790810046193e-01
2.479201333721852141e-01
2.379992355528522952e-01
2.806282724867054101e-01
3.354091721831345962e-01
3.095043660690042220e-01
2.722901224630033257e-01
3.063583817256395614e-01
3.216608306272946693e-01
3.080343068335642531e-01
3.591560143665005755e-01
1.000000000000000000e+00
2.503211601210052484e-01
2.555130310714368580e-01
2.334396700193508423e-01
1.000000000000000000e+00
1.000000000000000000e+00
1.000000000000000000e+00
1.327063744213373697e-01
1.110848781682269859e-01
2.136006977573376986e-01
2.561822435852822988e-01
8.310464915703275057e-02
1.089520345460851525e-01
8.945686937322006038e-02
1.753938659047895587e-01
1.443037978122146958e-01
1.333251062843698875e-01
1.077504729731265654e-01
1.206392854783299162e-01
2.258979209374901709e-01
2.023002996682289334e-01
1.000000000000000000e+00
1.000000000000000000e+00
1.000000000000000000e+00
2.245044639035768119e-01
2.385496186000625185e-01
1.672888477339832258e-01
1.454303394371405656e-01
1.539117627533876931e-01
1.280426554640126113e-01
1.000000000000000000e+00
1.000000000000000000e+00
1.000000000000000000e+00
2.474424805991288778e-01
2.156862748211136882e-01
1.757729267978237475e-01
2.031417354107097895e-01
2.209688913080942729e-01
2.887373621409446978e-01
1.000000000000000000e+00
2.601090691738602301e-01
2.157976874811741164e-01
2.213148563798915669e-01
1.923753669072578720e-01
1.341437944879709798e-01
1.272155770858222068e-01
1.504149381265496022e-01
1.878646444457973130e-01
1.000000000000000000e+00
2.020905926577706291e-01
1.000000000000000000e+00
1.324509237881987822e-01
1.570051502456071280e-01
1.370558379545613326e-01
1.345667873941485126e-01
1.000000000000000000e+00
1.390103471409972480e-01
2.302164053357624862e-01
3.035200513964693148e-01
4.250871081704358234e-01
5.231515726728153126e-01
5.198300284703052387e-01
5.379697848413353967e-01
5.767687926350884009e-01
5.567500634461627351e-01
5.520393608104925409e-01
5.727087817785252444e-01
5.794513458766243907e-01
5.911411982168186530e-01
4.158947511693197319e-01
5.874537505360877265e-01
3.868408774949421147e-01
3.519648991407993144e-01
3.907837447783802931e-01
3.837298544078756590e-01
3.431660172233388373e-01
3.788299792059064419e-01
3.785077465001067676e-01
3.829046187342072249e-01
1.000000000000000000e+00
4.070881596925046697e-01
3.996402742338064362e-01
4.037788665718922143e-01
3.907073289993983067e-01
3.570399640461621171e-01
3.813203981824712097e-01
3.566427809255239278e-01
3.882323980845919786e-01
3.416595383483064241e-01
3.340919438349435611e-01
1.000000000000000000e+00
3.221719459801842822e-01
3.397077179678297254e-01
3.118365294709702917e-01
1.000000000000000000e+00
1.000000000000000000e+00
1.000000000000000000e+00
1.000000000000000000e+00
1.000000000000000000e+00
1.000000000000000000e+00
1.000000000000000000e+00
1.000000000000000000e+00
1.000000000000000000e+00
1.000000000000000000e+00
1.000000000000000000e+00
6.375510206547272407e-01
1.000000000000000000e+00
6.778584394102551425e-01
2.104842580520567275e-01
2.421899168768997246e-01
1.000000000000000000e+00
1.000000000000000000e+00
1.000000000000000000e+00
1.000000000000000000e+00
1.000000000000000000e+00
6.130156519783184210e-01
6.365384617714496818e-01
6.542307694524160944e-01
1.000000000000000000e+00
1.000000000000000000e+00
6.955339807795897222e-01
7.216828480765806741e-01
1.000000000000000000e+00
7.165861515513132218e-01
7.169230771045365103e-01
7.016666668579059074e-01
7.205714287488436121e-01
7.051428573300679847e-01
1.000000000000000000e+00
1.000000000000000000e+00
6.066350713419783602e-01
1.000000000000000000e+00
6.322801677247302798e-01
6.034890968202559769e-01
6.375347312215617901e-01
5.826524201240399492e-01
1.000000000000000000e+00
1.000000000000000000e+00
6.077327329781452292e-01
6.077327329781452292e-01
6.023592087757742020e-01
5.988437855983135272e-01
1.000000000000000000e+00
1.000000000000000000e+00
1.000000000000000000e+00
1.000000000000000000e+00
1.000000000000000000e+00
1.000000000000000000e+00
1.000000000000000000e+00
1.000000000000000000e+00
1.000000000000000000e+00
1.000000000000000000e+00
1.000000000000000000e+00
1.000000000000000000e+00
1.000000000000000000e+00
1.000000000000000000e+00
1.000000000000000000e+00
1.000000000000000000e+00
1.000000000000000000e+00
1.000000000000000000e+00
1.000000000000000000e+00
1.000000000000000000e+00
6.614107885690673205e-01
2.310089024574634164e-01
2.330806216563051647e-01
2.783505157859818002e-01
2.835998942813466872e-01
3.034675859127858866e-01
3.193942525729674964e-01
2.863042565165173636e-01
2.383873798095290653e-01
2.392833224885786425e-01
2.131924041870126851e-01
2.149581593379714661e-01
1.593492314868066861e-01
1.431639230748192881e-01
1.526717561102000076e-01
1.658391264937080223e-01
1.701160806397390424e-01
1.861042187362814682e-01
2.008015670625306059e-01
1.485808918770040732e-01
1.719483571813161804e-01
1.530217607972500504e-01
1.609195406172184706e-01
1.034293556911617395e-01
8.916059940048515209e-02
1.038687206161217347e-01
1.304347830058298907e-01
1.367335869340144949e-01
1.454482343376515274e-01
1.594996094346713411e-01
1.668772642713851617e-01
1.594996094346713411e-01
1.823840385477557557e-01
1.583797783129066161e-01
1.404921704069386212e-01
1.404921704069386212e-01
1.071428575548436513e-01
1.057585829153937507e-01
1.497785164498991461e-01
1.471434446969249743e-01
1.129032262072362514e-01
1.007716546729502394e-01
9.399224848007003974e-02
1.227509365591602508e-01
9.970781633504932628e-02
1.463196497869959645e-01
1.871058167540706751e-01
2.235872239278750007e-01
2.214111925523934987e-01
1.972669940446447612e-01
1.487179490942891480e-01
8.064294588054998769e-02
6.368665675428786255e-02
7.734563872672128859e-02
9.375404709554358007e-02
1.430925335430177636e-01
1.656835992756036102e-01
1.442006273318526821e-01
1.444308449272465600e-01
1.297056361138153591e-01
1.587068335744881153e-01
1.806070829761352581e-01
1.836108111638439233e-01
1.655771550122238089e-01
1.965897696436853526e-01
2.160737816243470943e-01
2.335111545289721979e-01
1.883230346523234733e-01
2.890160008931684787e-01
3.078113210159202362e-01
3.361212566339951691e-01
1.405248574655617588e-01
1.254746217756406157e-01
1.427127289281325817e-01
1.304581249416346678e-01
1.878296149705523943e-01
1.745094480493688538e-01
1.000000000000000000e+00
2.365930602456551846e-01
1.000000000000000000e+00
2.242039328239934237e-01
1.954190226158052379e-01
1.604893193534373541e-01
1.776806380484783343e-01
1.000000000000000000e+00
1.736587849929406291e-01
1.516982438601276462e-01
1.378934047152239328e-01
1.406028296252298526e-01
1.579389654321367020e-01
1.541095894077901818e-01
1.582534614874319123e-01
3.022471912912330083e-01
2.861710326324456988e-01
3.084278771035543487e-01
2.709359608761685578e-01
2.888888891509530099e-01
2.394761462153504050e-01
1.000000000000000000e+00
1.000000000000000000e+00
1.000000000000000000e+00
1.000000000000000000e+00
1.600630714158393086e-01
6.305727405291294829e-02
9.895582365503785560e-02
8.265060277805191813e-02
1.380910299241084882e-01
2.377063072363485574e-01
3.776829423315919421e-01
2.083723514000026533e-01
1.443743040681862988e-01
1.000000000000000000e+00
1.000000000000000000e+00
1.000000000000000000e+00
2.281630495242520373e-01
1.324474618572805129e-01
1.000000000000000000e+00
1.916631463203551933e-01
2.273489372854440305e-01
2.000413667482362490e-01
1.000000000000000000e+00
1.000000000000000000e+00
1.000000000000000000e+00
4.067250116455605191e-01
2.287720793709374645e-01
2.109192456799113824e-01
2.445879227011518164e-01
1.000000000000000000e+00
2.039859322167788536e-01
1.899690114346062053e-01
1.841413591526424032e-01
1.787589500984463342e-01
2.162512141965439172e-01
2.009966779515381941e-01
2.673118011141607520e-01
3.076567734593702585e-01
3.010963196698570599e-01
1.000000000000000000e+00
1.000000000000000000e+00
1.000000000000000000e+00
2.836805884595832161e-01
1.000000000000000000e+00
1.000000000000000000e+00
1.000000000000000000e+00
1.000000000000000000e+00
5.572946346595126776e-01
5.355659695031094181e-01
4.038404140077922477e-01
3.247828226264583007e-01
5.275259191849310803e-01
5.126005789743472985e-01
4.984335413547233973e-01
5.310929413233449470e-01
4.519781308634354122e-01
4.744749872695812609e-01
4.495905609683322757e-01
4.641941549216381802e-01
4.494355871858728424e-01
4.998375041301270638e-01
4.705981089533657347e-01
4.825764145509191527e-01
4.853135644846973129e-01
3.156827669815777115e-01
2.679984435361270068e-01
1.000000000000000000e+00
2.441797275733801342e-01
2.937863714632404921e-01
2.632556988637150264e-01
3.513207974994685401e-01
1.000000000000000000e+00
2.751103038162665548e-01
3.151236578028141500e-01
1.000000000000000000e+00
2.571428572940287482e-01
2.544752546206320298e-01
2.123504755725692528e-01
1.000000000000000000e+00
1.000000000000000000e+00
5.503685504196960121e-01
2.525863565121109211e-01
1.000000000000000000e+00
2.773194753648073885e-01
3.335067639210944623e-01
1.000000000000000000e+00
1.000000000000000000e+00
1.000000000000000000e+00
1.000000000000000000e+00
1.000000000000000000e+00
4.464389909994098682e-01
4.283735827181903710e-01
5.320219008877991040e-01
4.487179488092629676e-01
3.714357116866880970e-01
3.595609194784934459e-01
3.544511196851203305e-01
1.000000000000000000e+00
1.000000000000000000e+00
1.000000000000000000e+00
3.548838982254254315e-01
3.879001982981096219e-01
1.000000000000000000e+00
1.000000000000000000e+00
4.323144105373373236e-01
4.659143456414326367e-01
4.638868206035303698e-01
1.000000000000000000e+00
1.000000000000000000e+00
1.000000000000000000e+00
1.000000000000000000e+00
1.000000000000000000e+00
1.000000000000000000e+00
1.000000000000000000e+00
1.000000000000000000e+00
4.098547639523748565e-01
1.000000000000000000e+00
4.472362266851795942e-01
4.444747762025483828e-01
4.280307510869280074e-01
1.000000000000000000e+00
1.000000000000000000e+00
1.000000000000000000e+00
4.844102752370075260e-01
5.294816063569312004e-01
1.000000000000000000e+00
5.759513146111019388e-01
1.000000000000000000e+00
5.739967275538238045e-01
5.540709781497319408e-01
5.362534696713339155e-01
5.431222585813985093e-01
1.000000000000000000e+00
1.000000000000000000e+00
1.000000000000000000e+00
1.000000000000000000e+00
1.000000000000000000e+00
1.000000000000000000e+00
1.000000000000000000e+00
1.000000000000000000e+00
1.000000000000000000e+00
3.232484077132881106e-01
3.838220741305461425e-01
1.000000000000000000e+00
1.000000000000000000e+00
1.000000000000000000e+00
1.000000000000000000e+00
1.000000000000000000e+00
1.000000000000000000e+00
1.000000000000000000e+00
1.000000000000000000e+00
1.000000000000000000e+00
1.000000000000000000e+00
1.000000000000000000e+00
1.000000000000000000e+00
1.000000000000000000e+00
1.000000000000000000e+00
1.000000000000000000e+00
1.000000000000000000e+00
1.000000000000000000e+00
3.805825243712457340e-01
1.000000000000000000e+00
1.000000000000000000e+00
1.000000000000000000e+00
1.000000000000000000e+00
5.874253566290899009e-01
1.000000000000000000e+00
1.000000000000000000e+00
1.000000000000000000e+00
1.000000000000000000e+00
1.000000000000000000e+00
1.000000000000000000e+00
1.000000000000000000e+00
1.000000000000000000e+00
1.000000000000000000e+00
1.000000000000000000e+00
1.000000000000000000e+00
1.000000000000000000e+00
1.000000000000000000e+00
6.607918263757163180e-01
5.384144475936611940e-01
6.160201881199844909e-01
6.246323750826016097e-01
6.422916455393727908e-01
1.000000000000000000e+00
6.300836458794998318e-01
6.184219500310468298e-01
6.120474407856145715e-01
6.078873748741342453e-01
6.048310490783844751e-01
6.023216115620071420e-01
1.000000000000000000e+00
1.000000000000000000e+00
1.000000000000000000e+00
1.000000000000000000e+00
1.000000000000000000e+00
1.000000000000000000e+00
1.000000000000000000e+00
1.000000000000000000e+00
1.000000000000000000e+00
1.000000000000000000e+00
1.000000000000000000e+00
1.000000000000000000e+00
1.000000000000000000e+00
1.000000000000000000e+00
1.000000000000000000e+00
1.000000000000000000e+00
1.000000000000000000e+00
8.771459814441919800e-01
1.000000000000000000e+00
1.000000000000000000e+00
8.682983028357035282e-01
3.961516696671897320e-01
8.562624772571065801e-01
8.521432526584074019e-01
8.574879227472935739e-01
1.000000000000000000e+00
8.697086971260586941e-01
8.728284805869743757e-01
8.639247569380121838e-01
1.000000000000000000e+00
1.000000000000000000e+00
3.205998870541171275e-01
4.020889585753556483e-01
1.000000000000000000e+00
1.000000000000000000e+00
3.483594659740274491e-01
3.731722824845756792e-01
1.000000000000000000e+00
1.000000000000000000e+00
3.758498287179322661e-01
1.000000000000000000e+00
1.000000000000000000e+00
1.000000000000000000e+00
1.000000000000000000e+00
4.297159506331683643e-01
8.746815396699436640e-01
3.664187842159268849e-01
3.719907894173501983e-01
2.366336636362681434e-01
2.322767555445546250e-01
3.532872198095263760e-01
1.936670347431480588e-01
2.173414092389730490e-01
1.256871755683081071e-01
2.184428749929197000e-01
1.792214958713964634e-01
2.682100511138945098e-01
1.965628359924965762e-01
1.263463135350677558e-01
1.285137185959797090e-01
2.239963316696559348e-01
2.508250828097782215e-01
2.092888965478927332e-01
1.825307954118324805e-01
1.204777867489568166e-01
1.203104790470131968e-01
1.475192031772807333e-01
