4.204432684895639261e-01
4.273880216159415824e-01
4.325946280204640004e-01
4.496587032595021904e-01
4.546571137991616274e-01
4.547128515253056058e-01
3.473752186631561267e-01
3.433343527964629605e-01
3.550154595299536142e-01
3.381915062928257942e-01
3.580246916120509715e-01
3.716991735405332786e-01
3.646713477866352360e-01
3.732455795047000535e-01
3.783783786177029596e-01
3.705790908003967488e-01
3.717204010090364719e-01
3.747551518550673588e-01
3.693224127564672665e-01
3.584060177008857595e-01
3.515465977443438250e-01
3.170212768648458246e-01
3.248276411265442754e-01
3.332796524143329941e-01
3.144722527245910060e-01
3.429913269920117358e-01
3.331806734855428109e-01
3.461949908347061733e-01
3.440414510199698572e-01
3.239758946815256557e-01
3.224523803073229278e-01
3.167191462573077931e-01
3.098704884244499747e-01
2.869130871980367647e-01
3.046992632915843657e-01
2.999599201202565180e-01
3.056768561759353187e-01
3.095854925074540409e-01
3.062864915195206983e-01
3.184855236663839406e-01
3.148102414938626081e-01
3.107335537037065887e-01
3.027027029819008286e-01
2.784538299218747293e-01
2.830520677905093985e-01
3.031719279408626733e-01
3.192456262518951204e-01
3.427982177502307826e-01
3.346319537986019998e-01
3.271678987241543046e-01
3.337931037035275494e-01
3.410259342164492224e-01
3.155627985428305360e-01
3.248105338265289133e-01
3.248105338265289133e-01
2.889031897643473679e-01
2.786161505544163530e-01
3.005044441906860042e-01
3.062864915195206983e-01
3.333333336072759057e-01
3.466063351104046175e-01
3.424958324147131528e-01
3.333333336046668816e-01
3.218750002716846970e-01
3.250000002704326318e-01
3.199790839789312669e-01
3.211159521479212131e-01
3.079000942264719098e-01
3.129125333730238268e-01
3.173299308886953218e-01
3.136412462451202421e-01
3.104189046781958838e-01
3.232506868358602237e-01
3.122952101293902105e-01
2.906062011065069228e-01
2.760471359716691886e-01
3.339424397236400166e-01
3.041108691590972413e-01
3.018823715918603767e-01
3.004201683393945554e-01
3.001060448135949299e-01
2.821971175371261742e-01
2.941176473334431440e-01
2.849579573010907474e-01
3.024627813975044877e-01
3.126934987248179976e-01
3.005823564568417261e-01
2.931294083155838726e-01
3.156250002741887162e-01
3.227982814654839494e-01
3.217665617884952756e-01
3.187500002729366511e-01
3.001043425234350970e-01
3.072684126514345637e-01
2.978500687262057856e-01
3.144654090814120728e-01
2.936832814456684648e-01
2.954967317829486628e-01
2.943037977546641981e-01
3.180947824644587696e-01
3.276431720706248774e-01
3.400610187983802435e-01
3.296781885857456018e-01
3.284823287508066292e-01
3.393767036618174915e-01
3.357851863266558823e-01
3.177570096218161888e-01
3.181983587441077344e-01
3.038455193497914264e-01
3.085812641141786328e-01
3.053911768741006671e-01
3.046462296474163889e-01
2.883420127295724944e-01
3.107191883404520905e-01
3.137951206075387800e-01
3.079417882295459874e-01
3.102933866607436864e-01
2.787513010286154502e-01
2.738244911265508286e-01
2.518537461638737929e-01
2.396980737965953567e-01
2.628274521485917115e-01
2.428684283143734968e-01
2.461952807600054083e-01
2.533979745245441562e-01
2.626139051372705646e-01
2.591185413462012699e-01
2.393166037922045408e-01
2.559618445084252958e-01
2.701574181510052464e-01
2.645209960336429855e-01
2.830126491355886564e-01
2.973946454967004716e-01
3.010290903083100433e-01
2.888159247737263069e-01
2.988529210520255441e-01
3.229343009581079338e-01
3.880630381177813115e-01
4.132538010426806130e-01
4.150409749020810279e-01
4.268043456933044988e-01
4.273566927769547608e-01
4.154804272629446515e-01
4.128802247542743276e-01
4.365079367149808931e-01
4.283158132303303001e-01
4.552529184842005749e-01
4.556262499706866809e-01
4.504892655723348183e-01
4.473952272091838989e-01
4.419885500971125758e-01
4.367335057910646245e-01
4.502788442636782573e-01
4.479800175760281222e-01
4.668246447411946720e-01
3.831830427516168536e-01
4.447646495807416889e-01
3.590901628514163724e-01
3.645350012650655502e-01
3.603021813247625493e-01
3.490202444930746717e-01
4.216549297988154699e-01
4.012937509524878710e-01
4.030177380776250873e-01
3.974383931959986072e-01
4.051390891362316449e-01
4.105640912823580457e-01
3.986282478851052025e-01
3.950654320015503096e-01
4.099892471318961062e-01
4.074733098281905219e-01
4.161376731309809340e-01
4.136678774022714000e-01
3.083523099754585939e-01
3.105702872379342283e-01
3.060383519763205662e-01
3.986870899348332609e-01
4.081420001407991549e-01
4.098172700072313379e-01
3.969496362982518622e-01
4.029443840774465935e-01
3.878230012244193725e-01
3.740786939660283306e-01
3.246033033822040004e-01
3.224915745634906461e-01
3.265671644471374035e-01
3.441430820188117190e-01
3.482421877545929245e-01
3.632668862538157573e-01
3.522903729222475189e-01
3.954157902796235913e-01
3.162807615806841888e-01
3.134510045390744848e-01
7.006603082902125301e-01
6.953778431423928152e-01
3.347288678888641344e-01
3.098666234409321873e-01
3.121671615463363914e-01
3.328134999468915778e-01
3.273634284726187893e-01
7.006603082902125301e-01
7.089752997265956758e-01
3.146404469149902683e-01
3.264797510585754070e-01
2.959381047513698348e-01
3.111579675067094319e-01
2.889218296686917320e-01
2.817337464432330130e-01
2.873663542276384542e-01
3.238115098733063135e-01
3.146404469149902683e-01
3.201539245094071617e-01
3.098384731236255574e-01
3.175446674264426061e-01
3.175446674264426061e-01
3.267285864492348590e-01
3.214169516343675648e-01
3.147023089045353217e-01
3.051969687244120433e-01
3.192352262376944028e-01
2.916182861172242902e-01
2.982767362315100756e-01
2.814264619575074233e-01
2.865866866098200072e-01
2.876012302249355557e-01
2.675271086230619488e-01
2.753843484428973865e-01
2.669156417983674645e-01
2.538014314607327515e-01
2.544682755788791884e-01
3.963142221160408374e-01
2.606527655210095773e-01
2.583277295412115260e-01
7.006603082902125301e-01
2.604495885775874875e-01
2.549343577498730529e-01
2.763975158444591518e-01
2.534377645616849861e-01
2.364276369707895009e-01
2.443054938614088734e-01
2.393796362151585644e-01
6.887258499932864542e-01
2.626487125712952952e-01
2.394484841109024709e-01
2.397855183728682116e-01
2.314756745670299987e-01
2.300341300432153790e-01
2.250880841877820338e-01
1.947544646601774287e-01
1.708542717535992406e-01
1.986672223616700039e-01
2.164508069909335530e-01
2.019809315921591297e-01
1.000000000000000000e+00
6.821716802728434725e-01
2.010606413645097401e-01
2.052955611696081206e-01
2.263709610905436653e-01
2.137394632772489089e-01
2.100637912253807693e-01
2.137578936747019931e-01
2.005370332510463260e-01
1.849640389085067671e-01
2.048129515621032182e-01
2.188601395947475936e-01
2.158109562982551966e-01
2.308546063216705413e-01
2.011158577276976889e-01
2.193606836549930605e-01
2.072755826540715329e-01
2.300100444429843405e-01
2.540746585812851954e-01
2.462096389888540626e-01
7.063340671526856518e-01
7.140621180170887428e-01
7.007581317188760206e-01
2.844068385061272464e-01
2.872629899852015001e-01
2.933452703698915531e-01
2.904627975409260765e-01
2.578789070843123810e-01
2.583355214586787740e-01
2.215698396514348412e-01
2.149792571211143200e-01
2.621664053366004055e-01
2.909399027482268973e-01
3.734958650987747486e-01
3.602530852156515806e-01
2.845272087252195270e-01
2.656757813989357730e-01
2.621664053366004055e-01
2.645332651053706741e-01
2.729360727859572178e-01
2.637684857794626581e-01
2.491298933317019904e-01
2.485297324118799223e-01
2.016772626350704645e-01
1.890657505701972552e-01
1.842873179868519395e-01
1.967766286921028840e-01
2.022304183341102624e-01
2.328522164461820365e-01
2.512633236013149807e-01
2.886054216081583856e-01
2.964181289407008535e-01
2.972010805723868110e-01
2.474596794882778505e-01
2.391067778526501098e-01
2.587340469860625047e-01
2.731776063231081686e-01
7.253118123133714956e-01
2.925656180236518855e-01
3.258747495761645796e-01
3.227890401769707429e-01
2.228502223914007319e-01
2.257329284833156091e-01
2.794759828473903918e-01
2.794759828473903918e-01
2.646331412918674353e-01
2.744149565196256635e-01
2.691992586480965732e-01
2.646331412918674353e-01
2.616238726311485019e-01
2.387425661857789372e-01
2.336019451521172963e-01
2.465964668253088909e-01
2.587956255726289179e-01
2.615869406706696765e-01
2.531394583594891445e-01
2.441320783078583245e-01
2.666579739789377568e-01
2.593790430101858835e-01
2.732614264182392505e-01
2.708438608426629868e-01
2.762905088269969056e-01
2.743351410300649551e-01
2.646261142259132004e-01
2.762083852830427011e-01
2.858424473317487946e-01
3.396226417826784250e-01
7.118610908721638708e-01
7.073123014393190022e-01
1.000000000000000000e+00
1.000000000000000000e+00
1.000000000000000000e+00
1.000000000000000000e+00
1.000000000000000000e+00
5.301699310447256508e-01
5.498808551588431071e-01
1.000000000000000000e+00
1.000000000000000000e+00
4.269016052243888026e-01
4.621212123047634401e-01
4.766760906446297907e-01
4.946015766395305269e-01
5.072446123501630488e-01
5.433037728713951964e-01
4.975196717135592639e-01
5.296472355573216273e-01
4.483405340271474637e-01
4.827552581078713434e-01
1.000000000000000000e+00
1.190829051002166850e-01
1.659539899230505489e-01
2.775873646593450816e-01
2.695605576028722306e-01
3.213566154058573598e-01
3.195886583734063313e-01
3.759780909702731266e-01
4.212728196560368010e-01
3.785507826244889351e-01
4.533548450054237788e-01
3.693506672442994354e-01
4.240559442349476349e-01
4.866517345218682733e-01
4.612676057959349540e-01
5.216450217830750358e-01
3.994995831784501350e-01
4.687318963720060738e-01
1.000000000000000000e+00
1.000000000000000000e+00
7.698221353910648102e-01
7.728343603783823790e-01
3.973635228106059403e-01
4.552447554034835253e-01
4.195447411360325729e-01
4.735682820814792748e-01
3.878531618055921504e-01
3.773590198319287659e-01
3.442881475606232033e-01
4.204151738516346271e-01
3.212996392022289260e-01
3.890383628921556536e-01
3.449157034046197445e-01
4.094040133544762927e-01
2.706654732107832695e-01
3.206499741743336074e-01
3.164301358560820399e-01
3.609370745407417536e-01
3.481129587363123168e-01
3.658704817049762692e-01
3.924362705506543314e-01
3.061087553529152627e-01
2.512207908927026612e-01
3.366300558699104606e-01
2.576201325367122319e-01
2.961037724030465279e-01
2.571083465981137683e-01
3.602367502106903485e-01
3.671919029401520262e-01
2.775715667672824516e-01
2.231532059120875378e-01
3.424617627233644823e-01
1.570038653453276201e-01
1.000000000000000000e+00
1.000000000000000000e+00
1.000000000000000000e+00
1.000000000000000000e+00
1.000000000000000000e+00
1.000000000000000000e+00
1.000000000000000000e+00
1.000000000000000000e+00
1.000000000000000000e+00
1.000000000000000000e+00
1.000000000000000000e+00
3.603158935438509625e-01
4.159110230906037931e-01
2.569835615424234110e-01
3.240789732048456884e-01
2.884845040408062777e-01
3.394769274710456308e-01
1.797801564420654641e-01
2.513897469674351015e-01
3.710749909306362282e-01
2.527198003457921116e-01
1.000000000000000000e+00
1.000000000000000000e+00
1.000000000000000000e+00
1.000000000000000000e+00
1.000000000000000000e+00
1.000000000000000000e+00
1.000000000000000000e+00
1.000000000000000000e+00
7.665258834922260567e-01
1.000000000000000000e+00
7.388824663316219121e-01
5.079341838849251722e-01
7.595353340252594121e-01
7.487747463148275440e-01
7.675561662310977917e-01
1.000000000000000000e+00
1.000000000000000000e+00
1.000000000000000000e+00
1.000000000000000000e+00
1.000000000000000000e+00
1.000000000000000000e+00
1.000000000000000000e+00
1.000000000000000000e+00
1.000000000000000000e+00
1.000000000000000000e+00
1.000000000000000000e+00
1.000000000000000000e+00
1.000000000000000000e+00
1.000000000000000000e+00
1.000000000000000000e+00
1.000000000000000000e+00
1.000000000000000000e+00
1.000000000000000000e+00
1.000000000000000000e+00
1.000000000000000000e+00
1.000000000000000000e+00
1.000000000000000000e+00
1.000000000000000000e+00
1.000000000000000000e+00
1.000000000000000000e+00
1.000000000000000000e+00
5.449163831224616006e-01
1.000000000000000000e+00
5.521574025659052865e-01
5.466938985073541701e-01
1.000000000000000000e+00
1.000000000000000000e+00
1.000000000000000000e+00
1.000000000000000000e+00
1.000000000000000000e+00
1.000000000000000000e+00
1.000000000000000000e+00
1.000000000000000000e+00
1.000000000000000000e+00
1.000000000000000000e+00
1.000000000000000000e+00
1.000000000000000000e+00
1.000000000000000000e+00
1.000000000000000000e+00
3.739130436457758222e-01
3.996980156924887506e-01
4.166011762779867622e-01
4.088875554015801717e-01
1.000000000000000000e+00
1.000000000000000000e+00
1.000000000000000000e+00
1.000000000000000000e+00
1.000000000000000000e+00
1.000000000000000000e+00
1.000000000000000000e+00
1.000000000000000000e+00
1.000000000000000000e+00
1.000000000000000000e+00
1.000000000000000000e+00
1.000000000000000000e+00
1.000000000000000000e+00
1.000000000000000000e+00
1.000000000000000000e+00
1.000000000000000000e+00
1.000000000000000000e+00
1.000000000000000000e+00
1.000000000000000000e+00
1.000000000000000000e+00
1.000000000000000000e+00
1.000000000000000000e+00
1.000000000000000000e+00
4.098850894614745055e-01
4.134903818660070618e-01
3.658176945399953528e-01
3.524189850914927202e-01
1.000000000000000000e+00
1.000000000000000000e+00
1.000000000000000000e+00
1.000000000000000000e+00
1.000000000000000000e+00
1.000000000000000000e+00
1.000000000000000000e+00
1.000000000000000000e+00
1.000000000000000000e+00
1.000000000000000000e+00
1.000000000000000000e+00
1.000000000000000000e+00
1.000000000000000000e+00
1.000000000000000000e+00
1.000000000000000000e+00
1.000000000000000000e+00
1.000000000000000000e+00
1.000000000000000000e+00
1.000000000000000000e+00
1.000000000000000000e+00
1.000000000000000000e+00
1.000000000000000000e+00
1.000000000000000000e+00
1.000000000000000000e+00
1.000000000000000000e+00
1.000000000000000000e+00
1.000000000000000000e+00
1.000000000000000000e+00
1.000000000000000000e+00
1.000000000000000000e+00
1.000000000000000000e+00
1.000000000000000000e+00
1.000000000000000000e+00
1.000000000000000000e+00
1.000000000000000000e+00
1.000000000000000000e+00
1.000000000000000000e+00
1.000000000000000000e+00
1.000000000000000000e+00
2.683120809977700416e-01
2.526868688881652725e-01
1.000000000000000000e+00
1.000000000000000000e+00
1.000000000000000000e+00
1.000000000000000000e+00
1.000000000000000000e+00
1.000000000000000000e+00
1.000000000000000000e+00
1.000000000000000000e+00
1.000000000000000000e+00
1.000000000000000000e+00
1.000000000000000000e+00
1.000000000000000000e+00
1.000000000000000000e+00
1.000000000000000000e+00
1.000000000000000000e+00
1.000000000000000000e+00
1.000000000000000000e+00
1.000000000000000000e+00
1.000000000000000000e+00
1.000000000000000000e+00
1.000000000000000000e+00
1.000000000000000000e+00
1.000000000000000000e+00
1.000000000000000000e+00
1.912799887010295796e-01
2.185868186436029648e-01
1.806002145618728072e-01
3.056588648184622725e-01
2.036501628365816607e-01
2.209398188321981538e-01
2.758170605595124947e-01
2.744584746754803461e-01
1.778546714834764453e-01
2.371283540580766402e-01
