2.848464770903211818e-01
2.789130801943798810e-01
2.715601455363884087e-01
2.583069624444467305e-01
2.850241549863822277e-01
2.874828064443010200e-01
3.110907822681532320e-01
2.883828897488764920e-01
3.054461946055083699e-01
3.611458393427483538e-01
3.327016335027581651e-01
3.315708309475815518e-01
3.070029874394274438e-01
3.308622082563189570e-01
3.558108561683811510e-01
3.663609567822028179e-01
3.408394184600415100e-01
3.449083109386832380e-01
3.140727944086441070e-01
3.579668955258502594e-01
6.759390865137467896e-01
3.080374037576144586e-01
3.180885532839694552e-01
3.109795482718086257e-01
3.629980499509622982e-01
3.478380614994006637e-01
3.588986124748348994e-01
3.588986124748348994e-01
6.596484057920084521e-01
6.546966932747029233e-01
3.703334996016074410e-01
3.724179500452479141e-01
6.775244301862619611e-01
2.843137259005196205e-01
6.653569979234812415e-01
3.811148410382904084e-01
6.549612088914106289e-01
6.349902207897819562e-01
6.419125129590284029e-01
6.323985441334780688e-01
6.313797068671805901e-01
6.296346234126772856e-01
6.296346234126772856e-01
6.369228691699297951e-01
6.282181230973591379e-01
6.331344904873004165e-01
6.282181230973591379e-01
6.282181230973591379e-01
6.253800935026825325e-01
6.331344904873004165e-01
6.271599921209188855e-01
6.271599921209188855e-01
6.349302610100867605e-01
3.613210191092521839e-01
3.678974881313451517e-01
3.629566698595544372e-01
3.590484285703492429e-01
3.696900771284105103e-01
3.553411210680316179e-01
3.567099080288279600e-01
3.580892810019395966e-01
3.447628799358791740e-01
6.207802711267567108e-01
6.258365445644313851e-01
3.517440252028258829e-01
3.576506435580847354e-01
3.526100310743716104e-01
3.447628799358791740e-01
6.220173538354003551e-01
6.192380696724253397e-01
3.495661912400972460e-01
6.236102691034227652e-01
6.268707026918762804e-01
6.278991599140173463e-01
6.316706894397488004e-01
6.299391591696602566e-01
6.403891314053075101e-01
6.274944570130387422e-01
6.306554624331728309e-01
3.759700904231744190e-01
4.696859023765834751e-01
4.572901328142905397e-01
3.934489194593169259e-01
6.421123446739910312e-01
6.516921839566933716e-01
4.396504645054115645e-01
3.900669955206982342e-01
3.927379896615112997e-01
3.966249322827299917e-01
3.906676869245614414e-01
4.192567056638154543e-01
4.198498386475312261e-01
4.320557494157168943e-01
4.232522799274304193e-01
4.088018318958016595e-01
4.378493481832049783e-01
4.000208836796382839e-01
4.477572562280964785e-01
4.365141342930323187e-01
4.386183292160062974e-01
4.231284803964072694e-01
3.869243424203719917e-01
3.873728731309168394e-01
3.771461477297183285e-01
3.698995609071460411e-01
3.533123031791207680e-01
3.734786753235904699e-01
3.544646730849237981e-01
3.461963736476136866e-01
3.815493413792192534e-01
3.584854266638597409e-01
3.625715067488033405e-01
3.309978532427404474e-01
3.235987356576034424e-01
3.262193357732301457e-01
3.336372966296379250e-01
3.603281802978577364e-01
3.603281802978577364e-01
3.625711231127423106e-01
4.295087216997339752e-01
6.890395482568441032e-01
6.269917030420797399e-01
4.701236453673274251e-01
4.443644422905763669e-01
6.005349980676660815e-01
5.882658747951979850e-01
5.993781926127927928e-01
5.847191014346673210e-01
5.826489476014267144e-01
5.826489476014267144e-01
5.954301078289798710e-01
5.807844015920335945e-01
5.713328871241103446e-01
6.000601416327919768e-01
5.915875172685154393e-01
5.915875172685154393e-01
5.701187437470924824e-01
4.257337684994166871e-01
4.699718312845229118e-01
4.869461599572385557e-01
5.014605650213888044e-01
5.014605650213888044e-01
5.259740262222590834e-01
5.152405437724985049e-01
4.927730914551753383e-01
6.862989187844870109e-01
4.992139646017162979e-01
4.839167716214751724e-01
4.181647218219123330e-01
4.127259502978756212e-01
6.098150248321516642e-01
6.078931575571029367e-01
5.796121557473719044e-01
5.796121557473719044e-01
6.043562586868892472e-01
6.014471135301752147e-01
5.882135738954186177e-01
5.819653869256737888e-01
5.979899500502587895e-01
6.027984656565120725e-01
5.887510219267768630e-01
5.818836235888695807e-01
5.849580087095396230e-01
6.014684735436617302e-01
5.950033865640729225e-01
5.950033865640729225e-01
6.125800379566251896e-01
4.038852003490724929e-01
4.170771760169255105e-01
4.199220866681516728e-01
3.888827191310069153e-01
3.888827191310069153e-01
3.852472668117625787e-01
3.794811849368285861e-01
3.852646485595379033e-01
3.997307488423635924e-01
3.682491415395341416e-01
3.682491415395341416e-01
3.624295837121815911e-01
3.896738841725279068e-01
3.835077125533881137e-01
3.711351413513366282e-01
3.464535806717564670e-01
3.464535806717564670e-01
5.566015535153676641e-01
5.307015437175066630e-01
5.013321271294766124e-01
4.592707114515029998e-01
4.253970038575853874e-01
4.043993235169772715e-01
3.736893938633555345e-01
3.589441436725523404e-01
4.397492926406443292e-01
4.501450042445847011e-01
3.709401712986095667e-01
3.338189875087015368e-01
4.185864287632103942e-01
4.014243077962903472e-01
4.529519409356872472e-01
3.960479741131462950e-01
3.808254183298197537e-01
3.844272776166135497e-01
4.065880042572992403e-01
4.385104362387954868e-01
4.426778663853417894e-01
4.121537182815279143e-01
4.125555903337699837e-01
4.287327416574794325e-01
4.601280141199634022e-01
4.314665614989537934e-01
4.846755242531174401e-01
4.920903440507999882e-01
5.261311343116912287e-01
5.390678083348879879e-01
4.710808812367754950e-01
4.541810123783516229e-01
4.315256904256186132e-01
4.241429071880664647e-01
4.387215677585132312e-01
4.474312454891944402e-01
3.710326090374822527e-01
3.604310586568493235e-01
3.416421445146603508e-01
3.844803747556215789e-01
3.770557795416585867e-01
3.836739410093096270e-01
3.754206804134729847e-01
4.112387530919366929e-01
4.010017851338580908e-01
3.854606446212129889e-01
3.755713710723997956e-01
3.648562304008967638e-01
3.730145080721288808e-01
3.807204353303577093e-01
4.650522842522377687e-01
4.644468421614128539e-01
4.386426946373043201e-01
4.280701757294329557e-01
4.066649580073493642e-01
4.410798804978847132e-01
4.481163569632253818e-01
4.669767872757107918e-01
4.397540787918119420e-01
4.335291241147679608e-01
4.545971836243553055e-01
4.767136916817173997e-01
4.835096177607400847e-01
4.458437083672458501e-01
4.010505096556395976e-01
4.010505096556395976e-01
3.422899888709494132e-01
3.443390707502991255e-01
3.505482646721502782e-01
3.814868262618316130e-01
3.705879157173068705e-01
3.836936844266196633e-01
4.316715240259827446e-01
4.021369341898060057e-01
4.286512575927603486e-01
5.457595957040866086e-01
4.886611958001936262e-01
4.766775980242388133e-01
4.986045147634508012e-01
5.068917990022192566e-01
5.260250074992609548e-01
5.377410748085296177e-01
4.950955087789904452e-01
4.914989863820001803e-01
4.452879584056084195e-01
3.957124439094603652e-01
3.662102960754598513e-01
3.936325799338324938e-01
3.340281400416720281e-01
6.003935521074748038e-01
3.310791287607195432e-01
3.415827505594909441e-01
3.186340893031297528e-01
3.394406396464380027e-01
3.599004428319134696e-01
3.717998131521225158e-01
5.669720605989458928e-01
5.763087508014452798e-01
5.854836278968736929e-01
5.865087153199209924e-01
5.841973816815277942e-01
5.841973816815277942e-01
4.912070137811370696e-01
5.155646902022332778e-01
4.513298755924677330e-01
5.120594658945527566e-01
4.154713118081333478e-01
4.249958007587234521e-01
4.719596391545620717e-01
5.817328213677939175e-01
4.773444073394951248e-01
5.852025445572708318e-01
5.260250074992609548e-01
5.388856925877993920e-01
4.754418362039346535e-01
4.297896216382667278e-01
6.240848650649298834e-01
6.192157454783535631e-01
6.085690829226176879e-01
6.085690829226176879e-01
4.555250258846371691e-01
4.541343672189198655e-01
4.577175481738688934e-01
4.576996200582490459e-01
4.346897364975490508e-01
4.078218362803792685e-01
4.198363793987269776e-01
4.180405337508975583e-01
4.270199373415425326e-01
4.221998839097402811e-01
4.221998839097402811e-01
3.905891153177433184e-01
3.813531356538211181e-01
3.586644936436037545e-01
3.900245758545438646e-01
3.649931416378637827e-01
5.690466696696875326e-01
6.104487815244522553e-01
6.131592947284425499e-01
5.845645336368265887e-01
5.928340035155403864e-01
6.011219036212929190e-01
5.855597709316491262e-01
5.761933781937056409e-01
5.792963788201650477e-01
5.743951696893658809e-01
5.739258292869114930e-01
5.737104693112937692e-01
5.369318183781666143e-01
5.126105046313873537e-01
5.084304320272193811e-01
4.693858013933717155e-01
4.584986119305342056e-01
4.454434996619958120e-01
4.474041072029232291e-01
4.283244420923115747e-01
4.757850929456181044e-01
4.168308620673903953e-01
3.947175735383275930e-01
4.239422601175001359e-01
4.617209304829205108e-01
4.721309982338391942e-01
3.972395836472710773e-01
4.141439711379244493e-01
4.044972731272525879e-01
3.809905865527435376e-01
3.844260104980325998e-01
4.047991656730312027e-01
4.367634307245734648e-01
4.730711847364531542e-01
4.661146014343638955e-01
4.912297705731031305e-01
4.543243508831966704e-01
4.799408484091299831e-01
4.274767106944421524e-01
4.151744605468257188e-01
7.321215971647578868e-01
7.005339319813248533e-01
6.991370600177742034e-01
6.937582796744656832e-01
5.048179619761627990e-01
6.923197371860019267e-01
4.831455195457604601e-01
6.828111640497463997e-01
4.910226388119522944e-01
6.896471862196810187e-01
5.064182610726646327e-01
6.976301152955649565e-01
7.053224703378340177e-01
6.967007965895328780e-01
4.647086033928267135e-01
4.611193893364130547e-01
7.131306851332265273e-01
4.756900110619339817e-01
5.213723024652159310e-01
4.330757028033599410e-01
4.384506188204975174e-01
4.446728506168599049e-01
4.284071308335997141e-01
4.510667298573849404e-01
4.597557159099302515e-01
4.393368897399138051e-01
4.270342975391679952e-01
4.212357220035121141e-01
4.226415097408230404e-01
3.899201325310271971e-01
3.816435912340087055e-01
4.061227907176028218e-01
3.805668019726482498e-01
3.982240826886351837e-01
4.371509912202173886e-01
4.928300297907897143e-01
5.422040425687180143e-01
5.364941965687122227e-01
5.899772211363337737e-01
5.977036778120254912e-01
5.885013418256026529e-01
6.631235290930364012e-01
5.904754521131811984e-01
5.665142080739031805e-01
5.374618543946849680e-01
5.488384236236812930e-01
5.899082570787501645e-01
5.811082261618204514e-01
6.155548531613048713e-01
5.850935562072551166e-01
5.967524291126518055e-01
6.069658407649181076e-01
6.334227144566115797e-01
3.632111811581318905e-01
3.460103981995872324e-01
3.541852682175304912e-01
3.546534325797950915e-01
3.463797586431832665e-01
4.263149666755382539e-01
4.436826643416245108e-01
3.655153512250464143e-01
3.699368470329176262e-01
3.649931416378637827e-01
3.649931416378637827e-01
3.836936844266196633e-01
3.876719579959407858e-01
6.703222618228583674e-01
3.512892380317885754e-01
3.671114517296776292e-01
3.671114517296776292e-01
3.662102960754598513e-01
3.801939824863914685e-01
4.585116809558498208e-01
4.770350161805694267e-01
4.426159892543709562e-01
4.615626641523006279e-01
5.929296731155098144e-01
4.155251144692316823e-01
4.922306020690233597e-01
4.757514197657178867e-01
4.647872835717952178e-01
4.618151919715206555e-01
4.449806952783244007e-01
4.446305102395038400e-01
4.355293100901889147e-01
4.440441099224565757e-01
4.168096058115368097e-01
4.092400069999221346e-01
4.047975184727730102e-01
3.933897176756122605e-01
4.118558701434350544e-01
3.945732055429207463e-01
4.047123660773140896e-01
3.904113478635964363e-01
3.755129577966648258e-01
5.411131745269184279e-01
5.463957242035942796e-01
3.970839506794144880e-01
3.913141826558955705e-01
3.584829653784052939e-01
3.639735254114039309e-01
3.667196913039884043e-01
3.770370794520259139e-01
3.891628443869479259e-01
4.325493679650824763e-01
4.590467883852945574e-01
4.687399293862176686e-01
3.755924850804679416e-01
3.874823798209854342e-01
3.974647890718507881e-01
4.074427484242013620e-01
4.074427484242013620e-01
4.399780041572846079e-01
4.544510631977424220e-01
3.825757579051558555e-01
4.369859972010524674e-01
4.307939323270989496e-01
3.876719579959407858e-01
4.203304399774122624e-01
4.252873566409642869e-01
4.255498681298588437e-01
6.353664865964823161e-01
4.462096644240505228e-01
4.485740875534653949e-01
4.313004339730469594e-01
4.325657897847775546e-01
4.232609296545168931e-01
4.172554651041866514e-01
4.403812178399201249e-01
4.510556624807764425e-01
4.443305092318362570e-01
4.377770572830700369e-01
4.203490944430241516e-01
4.054024075625922707e-01
3.845937116056611371e-01
3.696183817496341284e-01
3.545851030904481060e-01
3.629176528576849581e-01
5.870340851840627483e-01
4.408950784304799253e-01
4.531520398253883197e-01
4.561290644548280371e-01
4.875783949207164181e-01
4.961926520577799593e-01
3.897405018122519493e-01
3.906585248442214775e-01
4.015118558834501750e-01
4.015118558834501750e-01
3.744668914845864505e-01
3.961645361889024608e-01
3.689424822413142069e-01
3.852472668117625787e-01
3.550950897785437599e-01
3.669956266866684080e-01
3.767402855036398046e-01
3.899201325310271971e-01
3.807341985201577739e-01
3.684678678182855549e-01
3.861559510882867086e-01
3.897405018122519493e-01
3.687836865206514103e-01
3.924016137619090738e-01
3.806337447433314480e-01
4.016442536061173296e-01
4.188422857806322064e-01
4.316794908826322441e-01
4.386941399846432388e-01
4.361707858524896952e-01
4.340377239182631186e-01
4.187591125769430933e-01
3.962785051094480648e-01
4.087492567951390710e-01
4.759607389364161056e-01
3.999668584843311114e-01
3.995855738129561185e-01
6.287095577324584017e-01
3.742511524341871620e-01
3.730145080721288808e-01
6.426448739653455311e-01
6.301007281596200382e-01
6.297881765224089268e-01
4.670601879060503059e-01
6.181615187062436956e-01
6.181615187062436956e-01
3.298484674439983166e-01
6.202711816463621908e-01
3.639291469036524118e-01
3.555902420189673840e-01
3.768901572742424655e-01
3.676275968884126222e-01
3.642672788274922135e-01
3.374764377135506255e-01
5.897319746396889606e-01
4.856756488602245181e-01
3.732614252777397557e-01
3.668642429232507052e-01
5.757348533475292740e-01
5.335042479598329779e-01
4.288606766833420458e-01
5.375962110037515451e-01
6.009361768326502151e-01
6.021481484428532482e-01
3.709271753910328151e-01
4.616836149168237480e-01
3.229788233748807080e-01
3.190158469444680511e-01
3.438136830603705230e-01
3.656995119990235077e-01
3.687062014199951054e-01
4.246287930790677567e-01
4.482357300702345393e-01
4.736426770445902878e-01
4.827205885069745239e-01
4.880410323504259518e-01
4.934493296600646062e-01
4.840826876051251837e-01
4.681874614793154477e-01
4.663231508142787751e-01
4.455094074519451164e-01
4.424460434479450255e-01
4.478594356482296091e-01
4.531498993662222974e-01
4.562737645497382255e-01
4.904692084779695982e-01
4.880705396846106714e-01
4.902122826867350014e-01
4.769700481776227852e-01
4.112903229149873496e-01
4.360815067446675020e-01
4.316136461743336206e-01
4.245388488403919469e-01
4.159341900969494299e-01
4.165342686591056998e-01
3.833236830438194742e-01
4.836839848198346559e-01
6.099566113953287516e-01
5.093769869096328451e-01
5.001608236838421817e-01
5.947712421453694720e-01
4.225146201845684235e-01
