617,56,382,411
617,56,382,411
617,56,382,411
618,56,382,411
618,56,382,411
618,56,382,411
619,56,382,411
619,56,382,411
619,56,382,411
620,56,382,411
620,56,382,411
620,57,382,411
621,57,382,411
621,57,382,411
621,57,382,411
622,57,382,411
622,57,382,411
622,57,382,411
623,57,382,411
623,57,382,411
623,57,382,411
624,57,382,411
624,58,382,411
624,58,382,411
625,58,382,411
625,58,382,411
625,58,382,411
626,58,382,411
626,58,382,411
626,58,382,411
627,58,382,411
627,58,382,411
627,58,382,411
628,59,382,411
628,59,382,411
628,59,382,411
629,59,382,411
629,59,382,411
629,59,382,411
630,59,382,411
630,59,382,411
630,59,382,411
631,59,382,411
631,59,382,411
632,60,382,411
633,60,382,411
634,60,382,411
635,60,382,411
636,60,382,411
637,61,382,411
638,61,382,411
639,61,382,411
641,61,382,411
642,61,382,411
643,62,382,411
644,62,382,411
645,62,382,411
646,62,382,411
647,62,382,411
648,63,382,411
650,63,382,411
651,63,382,411
652,63,382,411
653,63,382,411
654,64,382,411
655,64,382,411
656,64,382,411
657,64,382,411
659,64,382,411
660,65,382,411
661,65,382,411
662,65,382,411
663,65,382,411
664,65,382,411
665,66,382,411
666,66,382,411
668,66,382,411
669,66,382,411
670,66,382,411
671,67,382,411
672,67,382,411
673,67,382,411
674,67,382,411
675,67,382,411
677,68,382,411
675,67,382,411
673,66,382,411
672,65,382,411
670,64,382,411
668,63,382,411
667,62,382,411
665,61,382,411
663,61,382,411
662,60,382,411
660,59,382,411
659,58,382,411
657,57,382,411
655,56,382,411
654,55,382,411
652,55,382,411
650,54,382,411
649,53,382,411
647,52,382,411
645,51,382,411
644,50,382,411
642,49,382,411
641,48,382,411
639,48,382,411
637,47,382,411
636,46,382,411
634,45,382,411
632,44,382,411
631,43,382,411
629,42,382,411
628,42,382,411
628,41,382,411
629,41,382,411
630,41,382,411
631,41,382,411
632,41,382,411
632,41,383,411
633,41,382,411
634,41,382,411
635,41,382,411
636,41,382,411
637,41,382,411
637,41,383,411
638,41,382,411
639,41,382,411
640,41,382,411
641,41,382,411
641,41,383,411
642,41,383,411
643,41,382,411
644,41,382,411
645,41,382,411
646,41,382,411
646,41,383,411
647,41,383,411
648,41,383,411
649,41,382,411
650,41,382,411
650,41,383,411
651,41,383,411
652,41,383,411
653,41,383,411
654,41,382,411
655,41,382,411
655,41,383,411
656,41,383,411
657,41,383,411
658,41,383,411
659,41,382,411
659,41,383,411
660,41,383,411
661,41,383,411
662,41,383,411
663,41,383,411
664,41,382,411
664,41,383,411
665,41,383,411
666,41,383,411
667,41,383,411
668,41,383,411
669,41,383,411
667,41,383,411
666,41,383,411
665,41,383,411
664,41,383,411
663,41,383,411
662,41,383,411
661,41,383,411
660,41,383,411
659,41,383,411
658,41,383,411
657,41,383,411
656,41,383,411
655,41,383,411
653,41,383,411
652,41,383,411
651,41,383,411
650,41,383,411
649,41,383,411
648,41,383,411
647,41,383,411
646,41,383,411
645,41,383,411
644,41,383,411
643,41,383,411
642,41,383,411
641,41,383,411
639,41,383,411
638,41,383,411
637,41,383,411
636,41,383,411
635,41,383,411
634,41,383,411
633,41,383,411
632,41,383,411
631,41,383,411
630,41,383,411
629,41,383,411
628,41,383,411
627,41,383,411
626,41,383,411
625,41,383,411
625,41,383,411
625,41,383,411
624,41,383,411
624,41,383,411
624,41,383,411
623,41,383,411
623,41,383,411
623,41,383,411
623,42,383,411
622,42,383,411
622,42,383,411
622,42,383,411
621,42,383,411
621,42,383,411
621,42,383,411
620,42,383,411
620,42,383,411
620,42,383,411
620,43,383,411
619,43,383,411
619,43,383,411
619,43,383,411
618,43,383,411
618,43,383,411
618,43,383,411
617,43,383,411
617,43,383,411
617,43,383,411
617,44,383,411
616,44,383,411
616,44,383,411
616,44,383,411
615,44,383,411
615,44,383,411
615,44,383,411
614,44,383,411
614,44,383,411
614,44,383,411
614,45,383,411
613,45,383,411
613,45,383,411
613,45,383,411
612,45,383,411
612,45,383,411
612,45,383,411
611,45,383,411
611,45,383,411
611,45,383,411
611,46,383,411
611,46,383,411
611,46,383,411
611,46,383,411
611,46,383,411
611,46,383,411
611,46,383,411
611,46,383,411
611,46,383,411
611,46,383,411
611,46,383,411
611,46,383,411
611,47,383,411
611,47,383,411
611,47,383,411
611,47,383,411
611,47,383,411
611,47,383,411
611,47,383,411
611,47,383,411
611,47,383,411
611,47,383,411
611,47,383,411
611,47,383,411
611,48,383,411
611,48,383,411
611,48,383,411
611,48,383,411
611,48,383,411
611,48,383,411
611,48,383,411
611,48,383,411
611,48,383,411
611,48,383,411
611,48,383,411
612,49,383,411
612,49,383,411
612,49,383,411
612,49,383,411
612,49,383,411
612,49,383,411
612,49,383,411
612,49,383,411
612,49,383,411
612,49,383,411
612,49,383,411
612,49,383,411
612,50,383,411
612,50,383,411
612,50,383,411
612,50,383,411
612,50,383,411
612,50,383,411
612,50,383,411
612,50,383,411
612,50,383,411
612,50,383,411
612,50,383,411
612,50,383,411
612,51,383,411
612,51,383,411
612,51,383,411
612,51,383,411
612,51,383,411
612,51,383,411
612,51,383,411
612,51,383,411
612,51,383,411
612,51,383,411
612,51,383,411
613,52,383,411
613,51,383,411
613,51,383,411
613,51,383,411
613,51,383,411
613,51,383,411
613,51,383,411
613,51,383,411
613,51,383,411
613,51,383,411
613,51,383,411
613,50,383,411
614,50,383,411
614,50,383,411
614,50,383,411
614,50,383,411
614,50,383,411
614,50,383,411
614,50,383,411
614,50,383,411
614,50,383,411
614,49,383,411
614,49,383,411
614,49,383,411
615,49,383,411
615,49,383,411
615,49,383,411
615,49,383,411
615,49,383,411
615,49,383,411
615,49,383,411
615,48,383,411
615,48,383,411
615,48,383,411
615,48,383,411
615,48,383,411
616,48,383,411
616,48,383,411
616,48,383,411
616,48,383,411
616,48,383,411
616,47,383,411
616,47,383,411
616,47,383,411
616,47,383,411
616,47,383,411
616,47,383,411
616,47,383,411
617,47,383,411
617,47,383,411
617,47,383,411
617,46,383,411
617,46,383,411
617,46,383,411
617,46,383,411
617,46,383,411
617,46,383,411
617,46,383,411
617,46,383,411
617,46,383,411
618,46,383,411
618,45,383,411
618,45,383,411
618,45,383,411
618,45,383,411
618,45,383,411
618,45,383,411
618,45,383,411
618,45,383,411
618,45,383,411
618,45,383,411
618,45,383,411
618,45,383,411
618,45,383,411
618,45,383,411
618,45,383,411
618,45,383,411
618,45,383,411
618,45,383,411
618,45,383,411
619,45,383,411
619,45,383,411
619,45,383,411
619,45,383,411
619,45,383,411
619,45,383,411
619,45,383,411
619,45,383,411
619,45,383,411
619,45,383,411
619,45,383,411
619,45,383,411
619,45,383,411
619,45,383,411
619,45,383,411
619,45,383,411
619,45,383,411
619,45,383,411
619,45,383,411
619,45,383,411
620,45,383,411
620,45,383,411
620,45,383,411
620,45,383,411
620,45,383,411
620,45,383,411
620,45,383,411
620,45,383,411
620,45,383,411
620,45,383,411
620,45,383,411
620,45,383,411
620,45,383,411
620,45,383,411
620,45,383,411
620,45,383,411
620,45,383,411
620,45,383,411
620,45,383,411
620,45,383,411
621,45,383,411
621,45,383,411
621,45,383,411
621,45,383,411
621,45,383,411
621,45,383,411
621,45,383,411
621,45,383,411
621,45,383,411
621,45,383,411
621,45,383,411
621,45,383,411
621,45,383,411
621,45,383,411
621,45,383,411
621,45,383,411
621,45,383,411
621,45,383,411
621,45,383,411
621,45,383,411
622,45,383,411
622,45,382,410
622,45,381,410
622,45,381,410
622,45,380,410
622,45,380,410
622,45,379,410
622,45,379,410
622,45,378,410
622,45,378,410
622,45,377,410
622,45,377,410
622,45,376,410
622,45,376,410
622,45,375,410
622,45,375,410
622,45,374,410
622,45,373,410
622,45,373,410
622,45,372,410
622,45,372,410
622,45,371,410
622,45,371,410
622,45,370,410
622,45,370,410
622,45,369,410
622,45,369,410
622,45,368,410
622,45,368,410
622,45,367,410
622,45,367,410
622,45,367,410
622,45,367,410
622,45,367,410
622,45,367,410
622,45,367,410
622,45,367,410
622,45,367,410
622,45,367,410
622,45,367,410
622,45,367,410
622,45,367,410
622,45,367,410
622,45,367,410
622,45,367,410
622,45,367,410
622,45,367,410
622,45,367,410
622,45,367,410
622,45,367,410
622,45,367,410
622,45,367,410
622,45,367,410
622,45,367,410
622,45,367,410
622,45,368,410
622,45,368,410
622,45,368,410
622,45,368,410
622,45,368,410
622,45,368,410
622,45,368,410
622,45,368,410
622,45,368,410
622,45,368,410
622,45,368,410
622,45,368,410
622,45,368,410
622,45,368,410
622,45,368,410
622,45,368,410
622,45,368,410
622,45,368,410
622,45,368,410
622,45,368,410
622,45,368,410
622,45,368,410
622,45,368,410
622,45,368,410
622,45,368,410
623,46,368,410
622,45,368,410
622,45,368,410
622,45,368,410
622,45,368,410
622,45,368,409
622,45,368,409
622,45,368,409
622,45,368,409
622,45,367,409
621,45,368,408
621,45,368,408
621,45,368,408
621,45,368,408
621,45,368,407
621,45,368,407
621,45,368,407
621,45,368,407
621,45,367,407
620,45,368,406
620,45,368,406
620,44,368,407
620,44,368,407
620,44,368,407
620,44,368,406
620,44,368,406
620,44,367,406
620,44,367,406
619,44,368,405
619,44,368,405
619,44,368,405
619,44,368,405
619,44,368,405
619,44,368,404
619,44,368,404
619,44,367,404
619,44,367,404
618,44,368,403
618,44,368,403
618,44,368,403
618,44,368,403
618,43,368,404
618,43,368,403
618,43,367,403
618,43,367,403
618,43,367,403
618,43,367,403
617,43,368,402
617,43,368,402
617,43,368,402
617,43,368,402
617,43,368,401
617,43,367,401
617,43,367,401
617,43,367,401
617,43,367,401
