2.757527008615248132e-01
6.516704807086175499e-01
2.886569876185767214e-01
6.488203268381033118e-01
2.912280704942743492e-01
2.838506525938593317e-01
2.810437112930224135e-01
3.160115481607765897e-01
3.176470591253219844e-01
3.294428542922515080e-01
3.577127662421485388e-01
3.786527768258793891e-01
3.660541588860320994e-01
3.441467475071592341e-01
6.618323926783185041e-01
3.343465048483080793e-01
6.689637351757413697e-01
3.425790337916362338e-01
3.083824663298374569e-01
3.106382981656857778e-01
3.325882504607193813e-01
3.043844859593657359e-01
3.170212768863739372e-01
2.861232165743300415e-01
2.986413743063139892e-01
3.083732783571390135e-01
2.931841834490183096e-01
3.014221300288665306e-01
3.014221300288665306e-01
2.952853601082733315e-01
2.878511969789060432e-01
2.953943436318061666e-01
2.914893620036215216e-01
3.017404070867097943e-01
2.888471180915425096e-01
2.565876155893496158e-01
2.705462601416722679e-01
2.777845161601841806e-01
2.690882734902189100e-01
2.848407848468034187e-01
2.844882141731971403e-01
3.271713274337305632e-01
3.181818184467047894e-01
3.195402301457700434e-01
3.033587788918478134e-01
3.149049432262718273e-01
3.209125477867252885e-01
3.149049432262718273e-01
3.030418253600601908e-01
3.090494299205135409e-01
3.241444869489944480e-01
3.031939166147551434e-01
3.127376428468677805e-01
3.219011409422428693e-01
3.374904945484826779e-01
3.219011409422428693e-01
3.098859318213361691e-01
3.457034223020138963e-01
3.353992397964261629e-01
3.469201523395740727e-01
3.529657797137012443e-01
3.529657797137012443e-01
4.009160307630091902e-01
3.844963042747411297e-01
3.841866947698491241e-01
3.818181820583457231e-01
4.025687497429010220e-01
4.106059414503955285e-01
3.945445885037145439e-01
3.775773198382823548e-01
3.886920105554558802e-01
3.604204571011034863e-01
3.683152889729678359e-01
3.392388454153384414e-01
3.529436241510531813e-01
3.479136089964715017e-01
3.717760539434782352e-01
3.961702130229063368e-01
3.988720843378312786e-01
4.084850040978872387e-01
3.747398545895161970e-01
3.692046496150778179e-01
3.626122164396179404e-01
3.635118419213893004e-01
3.624072113103538051e-01
3.448092283297208294e-01
3.510204084511887590e-01
3.517462583073118765e-01
3.512430195679864253e-01
3.582960252528847311e-01
3.650793653664905491e-01
3.616383619282361739e-01
3.610934522926648738e-01
3.716656790061256821e-01
3.549100971162240103e-01
3.486111114126800858e-01
3.486111114126800858e-01
3.495118552535974032e-01
6.302185031937617143e-01
6.165732961640647547e-01
6.264280995059823276e-01
6.248992558550707788e-01
6.349742907851008145e-01
6.426714177375426607e-01
6.323984527889756624e-01
6.176932902948750748e-01
6.294331468565511623e-01
6.298653250308986484e-01
6.122367503681820367e-01
6.181918858259378702e-01
6.194373403481139295e-01
6.204092073552893716e-01
6.269494699381630287e-01
6.313725492098181125e-01
6.256965946203836282e-01
6.236626811287693251e-01
6.134361235507467258e-01
6.076340763366914199e-01
6.127366611377276229e-01
6.093750002126661069e-01
6.246308653480089346e-01
6.310292028704860279e-01
6.146702259956232650e-01
6.152170271966834747e-01
6.108597287268893172e-01
6.063068184055074861e-01
6.238013700777389481e-01
6.187214614048393013e-01
6.414564222239355074e-01
6.287844038825777249e-01
6.332568809442333801e-01
6.399655965367170296e-01
6.269031093583952163e-01
6.332568809442333801e-01
6.338133642662364675e-01
6.410138250915818903e-01
3.194094349918157327e-01
6.438779678913387761e-01
6.303328647267154583e-01
6.516129034264902531e-01
6.305555557693544033e-01
6.261574076237514941e-01
2.429226210607049463e-01
6.392405065405294406e-01
6.166028851241667219e-01
6.084780691148201637e-01
6.274418606817198096e-01
6.375625554091477465e-01
6.397728619189797516e-01
6.414483369788352984e-01
6.230923934561147792e-01
6.230923934561147792e-01
6.230923934561147792e-01
6.166028851241667219e-01
6.290844865298295119e-01
6.269649693100000087e-01
6.144244924260084950e-01
6.337209304455111436e-01
6.235465118467753420e-01
6.078893143315340364e-01
6.013541362370596888e-01
5.998837211628582633e-01
6.190697676633315494e-01
6.149418606889872629e-01
6.107638891141412563e-01
6.112254231760256840e-01
6.041666668957368369e-01
6.124421298539107772e-01
6.041666668957368369e-01
6.313364057396959605e-01
6.354326678981437881e-01
6.238265917825416285e-01
5.937788020773163700e-01
6.154064973457322729e-01
6.367980886176263233e-01
6.298561560596578346e-01
6.363121533376870920e-01
6.343701053734782658e-01
6.173640637629425054e-01
6.112810059965562148e-01
5.990485901013429260e-01
5.949876932227635695e-01
6.017006043848172059e-01
5.766390693798170153e-01
5.864846724174956893e-01
5.890410961192553696e-01
5.879157430222197167e-01
6.071073835078317771e-01
6.088771700676349763e-01
6.088771700676349763e-01
6.101356099140224920e-01
6.148881241314070323e-01
6.213425131124448164e-01
6.136010711573756105e-01
6.153108009301040404e-01
6.143516800518276089e-01
6.188100421321531819e-01
6.069012895757233128e-01
6.268216974657643270e-01
6.058145628047069131e-01
6.103195392297959820e-01
6.138649427268755288e-01
6.204819279079341054e-01
6.180257512681249787e-01
6.125527754028664562e-01
6.077001015158560726e-01
5.965552180361928247e-01
2.239300787502862544e-01
6.043801488826702206e-01
5.994397761107244094e-01
6.079411766627739189e-01
6.067653278845064335e-01
6.235096872096173026e-01
2.753141171122902575e-01
6.403588258244115039e-01
6.541098902619297828e-01
3.198757766908748579e-01
3.327406657638046772e-01
3.105629351420775563e-01
3.103942655237637016e-01
3.326961438943251137e-01
3.236785242172213195e-01
3.307976976435864636e-01
3.151750975567580992e-01
3.044747084531149728e-01
3.253795222362001471e-01
3.520280223890347449e-01
3.431516939286105572e-01
3.557639274463146872e-01
3.378335952363290540e-01
3.647241649709695999e-01
3.502719505243698794e-01
3.737931036882018443e-01
3.908396948889925060e-01
3.721562998366879649e-01
3.576026806619724274e-01
3.639006935943112087e-01
3.407142327068090060e-01
3.431891735278063127e-01
3.317152106017522417e-01
3.568052759271641561e-01
3.679428469067803631e-01
3.570250964070250665e-01
3.240312321703183729e-01
3.031608149123437013e-01
3.112709661251912285e-01
2.671341818727825945e-01
2.934312880677645285e-01
2.428694903331642951e-01
2.329588017717285631e-01
2.698789976700234350e-01
2.204744072693153312e-01
2.250177685767527080e-01
2.382373847767457198e-01
1.948827294971987589e-01
2.648549706896454747e-01
2.654275095537519391e-01
2.758644878740743600e-01
3.119115282939324274e-01
3.330049598026343372e-01
2.824866590607503225e-01
2.862928351380087388e-01
3.109034270298015601e-01
2.837879783136917355e-01
3.023416217876533363e-01
3.406214438250090293e-01
3.326206161559400742e-01
2.783976343331100445e-01
3.297381632988271027e-01
3.351724140167628985e-01
3.076923079271156602e-01
4.904697729782858673e-01
5.628554183807683575e-01
4.296653246320993880e-01
5.143149285758459310e-01
4.588355662439378424e-01
3.948429754066634656e-01
3.633995443297298733e-01
3.752066117767911546e-01
4.106334101048134677e-01
4.520441020418108913e-01
4.512635380846055089e-01
4.487267052236879605e-01
4.895436954858868317e-01
4.313335048075110922e-01
4.364508395111638128e-01
4.187736125096794826e-01
3.977625241245585919e-01
3.965341490261634627e-01
3.862258401546826425e-01
4.057883631776409983e-01
3.394777267999734560e-01
3.111904764247651611e-01
3.027815936460227508e-01
2.721257239894796509e-01
2.883923632787795954e-01
3.312968622149066178e-01
3.119774249888596085e-01
3.273433365128531891e-01
3.343845229486270831e-01
3.563327700210154880e-01
3.585972852946135436e-01
3.487980513206040412e-01
2.931473448943423543e-01
3.468798500931605799e-01
3.359658022982300318e-01
3.421693758982693456e-01
3.419875643278471600e-01
3.112250466124050208e-01
2.669357480575484942e-01
3.035889606546711139e-01
3.678775319559733914e-01
3.152249011616941043e-01
2.951892661011638053e-01
3.018072072645332504e-01
3.293334790264595968e-01
3.230064363757657597e-01
3.292971167123751597e-01
3.056252502434001483e-01
2.870077454321632304e-01
3.201701758771788864e-01
2.974800918884840106e-01
2.922075563462391834e-01
3.082433368574802879e-01
3.163157705842275513e-01
3.618413878179551624e-01
3.479146215236119666e-01
3.306788846475841037e-01
3.142067563673296426e-01
2.829351662547051616e-01
2.557361553195388604e-01
2.791534855899227008e-01
2.960619616391906295e-01
3.107886988433916642e-01
2.364277665406975260e-01
2.903530783279324456e-01
3.249336390222414828e-01
3.549689104559947683e-01
2.032289737815974329e-01
2.964449962418990170e-01
2.517337034631237369e-01
1.897759106627686654e-01
1.963364296047706015e-01
1.845726973050045849e-01
1.566777657577959060e-01
1.157972626282658402e-01
2.112299468169823724e-01
1.843309333992158017e-01
2.055955598538869999e-01
1.914191422174396084e-01
2.657079398916885049e-01
2.536987541867640195e-01
2.561081205977833175e-01
2.594586457631070653e-01
2.747054175828387290e-01
2.637126833325630360e-01
2.121598801981009474e-01
1.770798156864873407e-01
2.651055982889336526e-01
3.115988407515721814e-01
1.844671162201305670e-01
1.757708093303577135e-01
2.256145769583199900e-01
2.139442084049451021e-01
2.280992360696836307e-01
2.782065281488511621e-01
3.189398790351466451e-01
2.776418328962685367e-01
2.529081808331482550e-01
2.410495805289125659e-01
2.745548321821500437e-01
1.732861502189940728e-01
1.687685881983327363e-01
2.751064457219547510e-01
1.828505903218841100e-01
1.676075824699564398e-01
1.891433421141190951e-01
1.774584813668749206e-01
2.937495632756241815e-01
2.150465049448520016e-01
2.222222225068722912e-01
2.618659679576842425e-01
2.384383075943534713e-01
2.338945830036989193e-01
2.777272730008608637e-01
2.366666669558080693e-01
2.233333336275252767e-01
2.007224337639839096e-01
2.160076048608335908e-01
2.590129244732020108e-01
2.321988196078278444e-01
3.558405497621979219e-01
3.461700338993510817e-01
2.170251510879612766e-01
2.084587711254648479e-01
2.562277582828337286e-01
2.813753584235761940e-01
2.825769687669132946e-01
3.130331755880050304e-01
3.792697293019452465e-01
3.411078719409175175e-01
3.213687153207511749e-01
3.425172836713713531e-01
3.073789047228544513e-01
3.245761319096045483e-01
3.263058733997187266e-01
2.670025191378664342e-01
2.470588237930466669e-01
2.633731065614113298e-01
3.001430803524508528e-01
3.197278913768293318e-01
2.844448755058662792e-01
3.151102232909330780e-01
3.311229279539809056e-01
1.654394848578529809e-01
1.813427803031907315e-01
2.125331149197259295e-01
2.143344289124141655e-01
1.861675758595167096e-01
2.186447942649676346e-01
2.221341707390855902e-01
2.188506475469369494e-01
2.212141055650502786e-01
5.311059909061830453e-01
2.348743010239585649e-01
5.244382921082850757e-01
5.292088813512587642e-01
5.224470440714388264e-01
5.171580474955270734e-01
5.015331649089427302e-01
4.951278107552223862e-01
4.914460854022162373e-01
4.751525720697601374e-01
4.426174871007062528e-01
4.481733916444456955e-01
4.387096775754423250e-01
4.410946836703024676e-01
4.262116932660803270e-01
4.346274231413356226e-01
4.202423846980450906e-01
4.252767529234652288e-01
4.090503293691970521e-01
4.026092234657411284e-01
4.216510135053411767e-01
4.082486552713556760e-01
4.214250588980316126e-01
4.174578203717632663e-01
4.071914481678028386e-01
4.088601755181030528e-01
4.178789683040725622e-01
4.023728997148299236e-01
4.097488460971366875e-01
3.842586494732000979e-01
4.047228845339881920e-01
4.011754992468122838e-01
4.209354121669083293e-01
4.333131729930294052e-01
4.328827863756269378e-01
4.462861238485106297e-01
4.420216607841103151e-01
4.530942489848399646e-01
3.471301978603599236e-01
4.323490525849985611e-01
4.469160280841132371e-01
4.304429648160483790e-01
1.536612024170325164e-01
4.064516130419701945e-01
4.317572337257687964e-01
4.480606019386826899e-01
4.458350092394344211e-01
4.181642246294894338e-01
4.316735306459019705e-01
4.404486890756035278e-01
4.210526317154658082e-01
4.462081547901612932e-01
3.238892467868915714e-01
3.249123506664066685e-01
4.568965518479984889e-01
4.316018494625143420e-01
4.425656107823006113e-01
4.176185867661356133e-01
4.344772758635931931e-01
4.423139422722751624e-01
4.435650379723923287e-01
4.238098260635303483e-01
4.443696065156031993e-01
4.500803977175266146e-01
4.572502997113000456e-01
4.722739267581104183e-01
4.640000001082829062e-01
4.528491172847414203e-01
4.244845361965733366e-01
4.329311569606240084e-01
4.055731273960898609e-01
4.211833694219198065e-01
4.358755339768405346e-01
4.034095500922256772e-01
3.634259260551848669e-01
3.951899117656139104e-01
2.434063716992740378e-01
3.247863249237309402e-01
3.912817051998686013e-01
3.496617366100642776e-01
4.077836576097227939e-01
3.500873388272032205e-01
4.482238579335076079e-01
4.014676012587209408e-01
3.603493843863565527e-01
3.301096673683412419e-01
2.195336992124738984e-01
2.353874315160896513e-01
2.470588236881596789e-01
4.247845097533061720e-01
3.137934449926027547e-01
3.400059674858266767e-01
3.326771923542236609e-01
3.339838085316864102e-01
3.203154654913591415e-01
3.077938145281383653e-01
2.595769304028902047e-01
3.190752875209028616e-01
1.583558074972659657e-01
2.291274326595902355e-01
1.393524147899671828e-01
1.832839141617339518e-01
2.968124537997012258e-01
3.390560320559107277e-01
4.010755471242838377e-01
3.817263748743685570e-01
3.400837990039540237e-01
2.550503646548593073e-01
2.735237816092026542e-01
2.358387800951636804e-01
3.002859077498535312e-01
3.092082517994111379e-01
2.794186868558162784e-01
3.173004393786069688e-01
3.686486487361541053e-01
4.076606657129573374e-01
2.957235717934103558e-01
3.885969126053383516e-01
1.870307999863997095e-01
2.023270182861764965e-01
2.779077541615333491e-01
2.619008937323515918e-01
2.360674024546732808e-01
3.020218917008508086e-01
3.222181310373050112e-01
3.228182956930797376e-01
3.137190083675854835e-01
3.338784978242174128e-01
3.654687500901323549e-01
3.632121330915490942e-01
2.913319316167337636e-01
1.639170399945171219e-01
1.000000000000000000e+00
2.855750084455744853e-01
8.073181294300472155e-01
1.166552888730311155e-01
2.044171038312995181e-01
2.097288198324958053e-01
1.737855256167826212e-01
3.141361257525625561e-01
3.185882556216736994e-01
3.307365539987953129e-01
3.458944262202383602e-01
4.552183568460779206e-01
4.396511364233917085e-01
4.137462646816427725e-01
2.134393639734714077e-01
3.921967135016919404e-01
1.977715879156264345e-01
1.368942192576142469e-01
2.219780221456630898e-01
1.647568119928790598e-01
2.074850048138284775e-01
1.405514189695006300e-01
3.980631494756805555e-01
3.891652631139533858e-01
3.922348024218499374e-01
3.567292794524249411e-01
3.682948757228464709e-01
3.402914865050623572e-01
3.480738546577356596e-01
2.452476473988137728e-01
3.241154563642243414e-01
1.971485120955233095e-01
2.607531745359127351e-01
2.505341881676399485e-01
2.690813363709002592e-01
2.884105961573932841e-01
3.229767899732590708e-01
3.537768354951263960e-01
3.212602332863006005e-01
3.510721722842713444e-01
3.526314383566365729e-01
3.668858290847881731e-01
3.634279011087580002e-01
3.777210042783022415e-01
3.153452990777476650e-01
