3.021343255267757710e-01
3.229024359681785805e-01
3.448424687927033050e-01
3.487976682882530932e-01
3.659698740437071773e-01
3.469547977609140910e-01
3.907489479732910720e-01
3.823038398098442814e-01
3.769830365282206275e-01
3.591161646286478160e-01
3.784928027881137025e-01
3.594430616885185836e-01
3.788633436428174850e-01
3.650506513151832166e-01
1.619328662556376308e-01
2.172356524788272569e-01
2.155274263074491436e-01
1.860744299245808975e-01
2.354445616000744312e-01
2.311310107549231496e-01
2.757830406272377965e-01
2.761557178991492778e-01
2.505316398929955390e-01
1.750476668961640225e-01
2.164098406487449111e-01
2.948866490374065785e-01
3.474220218499057822e-01
3.086149234404692576e-01
3.261437783255932699e-01
2.686364343708967928e-01
2.588019325103765311e-01
2.765217392702373767e-01
2.750107343621900347e-01
2.700534760772584919e-01
2.882275441199280142e-01
2.827446867772575034e-01
3.315118397967963260e-01
3.004908837267238342e-01
3.237040510715840647e-01
3.669869918030026490e-01
3.656654192701690453e-01
3.324324325631742294e-01
3.587544067060802755e-01
3.399426801310283519e-01
3.321864249037796979e-01
3.588531822308497210e-01
3.314044417947676902e-01
3.071766021784297918e-01
2.983553213301795015e-01
3.429256596015792802e-01
3.290450666410472680e-01
3.143812710395005316e-01
3.168842577320868381e-01
3.149971976709510235e-01
3.311654423438987749e-01
3.173309180118094597e-01
3.233216262316173095e-01
3.272438120688244689e-01
2.790125483312121402e-01
2.822827166056092185e-01
3.090727817985475800e-01
3.077018944608462814e-01
3.249916445260295772e-01
3.396975268758988253e-01
3.355329312603626546e-01
3.430542291535489952e-01
3.337153774098026160e-01
3.483189242505456695e-01
3.057316684158968290e-01
2.789314299634585437e-01
2.940947438256339419e-01
3.068186764486274809e-01
3.131282365186179861e-01
3.085352679407018517e-01
2.701238391706936026e-01
2.920353983871104564e-01
2.387774170844024768e-01
2.606887041730016064e-01
3.162393163857851741e-01
3.264235446094213566e-01
2.961084041349913987e-01
2.793912099750647249e-01
2.619307185658819037e-01
2.664057730073505770e-01
2.123474946092072102e-01
2.849950116510836517e-01
2.934276672655400375e-01
2.983168757620009437e-01
2.404491242917329297e-01
3.011597634790155187e-01
3.235894114470470040e-01
2.872570196057712133e-01
3.035388289791839389e-01
2.243767314920754874e-01
2.354124750322381665e-01
2.018047581909461208e-01
2.034909743887088895e-01
2.561262170296537688e-01
2.239237006203166347e-01
2.195573805278496771e-01
2.182044889730163639e-01
2.377674698893292859e-01
2.168173788543765745e-01
2.649951786017371580e-01
2.611676251489475353e-01
2.696761203586519606e-01
2.424965217813850327e-01
2.672831353843893032e-01
2.739406074758257148e-01
2.778141084194893917e-01
2.180946676886375002e-01
2.329595236163309879e-01
4.189745741155208592e-01
4.217741936988100848e-01
4.395223422086486087e-01
4.177979276119695440e-01
3.985388363500285136e-01
3.904579107634026380e-01
3.864034391056617723e-01
4.016662189191975152e-01
3.938552914451847187e-01
4.148629949031655828e-01
3.803425912244741136e-01
4.011294790138637545e-01
4.079173839827562320e-01
4.112138926816827356e-01
4.232987314194450734e-01
3.942307693981458305e-01
3.788883224605110733e-01
4.189628375246678971e-01
3.935563040369967069e-01
3.976271847412888860e-01
3.952819989200154760e-01
4.020198592882345823e-01
3.979678240479910256e-01
3.763297874068235460e-01
3.934029902202514917e-01
3.928701551546005533e-01
3.907980037316282074e-01
4.198084483696483682e-01
4.162668934410848065e-01
4.059189692568748731e-01
4.090909092536940683e-01
4.063279908473385049e-01
4.315227485400642271e-01
4.496240603095361665e-01
4.594555875474339857e-01
4.614139547195174051e-01
4.028949473395214698e-01
4.108666368963665994e-01
4.232621785924296498e-01
4.054571305212552046e-01
3.855824944069352611e-01
3.799304438092203640e-01
3.714978916955988808e-01
3.728604252231877414e-01
3.488697275259643460e-01
3.650202575771508418e-01
3.315616603966672349e-01
3.310307052947170092e-01
3.168859651203442818e-01
2.928115461520301999e-01
2.816419614590010001e-01
2.680214726265268688e-01
2.628483766099308783e-01
3.029845109863416042e-01
2.673348671484275796e-01
2.675635278912187331e-01
1.919325511020226749e-01
1.571298822090591019e-01
1.627703591904301472e-01
1.875562671509598545e-01
2.195680630826020163e-01
2.609987541899105867e-01
2.689852728246768798e-01
2.981712828131183324e-01
3.336612964783970403e-01
3.477096968031797575e-01
3.367118797624946147e-01
3.333333335269911268e-01
3.325051761808621720e-01
3.187819359899631833e-01
3.190045250844052438e-01
3.022042103614775987e-01
2.739300741987726884e-01
2.724814065606037117e-01
2.935627082981235869e-01
2.832777779768673732e-01
3.108138746002001573e-01
3.101667877272903384e-01
3.344724982074441799e-01
3.279413965232647055e-01
3.076086958672022975e-01
3.065591660685744735e-01
3.258548943592501912e-01
3.074784544599726832e-01
3.009413225576514916e-01
3.342721155450272263e-01
3.517656869498492211e-01
3.598236342639051788e-01
3.099940641870395641e-01
3.207247720352534026e-01
2.852941178416955603e-01
2.700325734880476558e-01
2.921456969775046986e-01
3.288777794161616974e-01
2.414312620083391980e-01
2.728658064771058989e-01
4.118858335952337857e-01
2.163416621307630017e-01
2.049866431567270997e-01
1.714116253940061174e-01
1.508124677179170092e-01
1.246928749372647749e-01
1.287669723124057475e-01
1.837832027143286862e-01
2.063492065574317191e-01
2.224840123184413931e-01
2.308836657664178338e-01
2.329756195952288333e-01
2.410013702226924126e-01
1.948004586863603116e-01
1.661807582384891013e-01
1.501103755104552517e-01
2.367425667601656958e-01
2.522361361354237275e-01
2.555080883080910192e-01
2.441054093445705897e-01
2.797540985574442640e-01
3.133926167304250665e-01
3.341791086418154366e-01
3.632851777098785595e-01
3.515103964034235196e-01
2.906287071705453418e-01
3.081122499501695033e-01
3.018494057129059716e-01
2.311557790896006104e-01
2.197030904817959263e-01
2.200557105039110395e-01
2.350732258768123417e-01
2.194250078036140694e-01
2.394260010456068510e-01
1.922842641643949246e-01
1.094200579116149097e-01
1.555302817081888334e-01
1.592105938035660584e-01
1.484828053544214876e-01
1.615384617639757936e-01
1.443236717324540841e-01
1.488636365995389399e-01
1.883676992282462548e-01
1.001061486894461172e-01
7.297614625300818947e-02
1.468808936915230179e-01
1.355519877546947916e-01
1.376859506168393033e-01
1.250060263402097416e-01
1.427549026330563464e-01
1.472641465151015572e-01
1.518271707961058592e-01
1.330484538922169779e-01
1.380776866227017008e-01
1.772188082565817613e-01
1.994518502056928932e-01
1.913540374679866263e-01
1.961956523724813772e-01
2.651804411220149982e-01
4.131617291371633138e-01
3.606160404492890770e-01
3.434790985976982070e-01
3.143346905425006277e-01
3.256623341322389953e-01
3.660102943367781192e-01
3.943129291230534905e-01
3.626422105032175436e-01
3.328702418882860670e-01
2.916083757329522852e-01
1.801320605669066710e-01
1.535421102476780542e-01
1.203400042120474911e-01
1.295744106059514289e-01
1.544235926822110638e-01
1.311111113041976139e-01
2.199089136369749564e-01
2.386599467962687848e-01
2.394140818891732359e-01
2.347893917327389390e-01
2.806938501135198827e-01
5.931809559776124452e-02
1.620455689474691319e-01
1.829016733309229981e-01
1.986183075953877886e-01
2.213608959430767298e-01
2.333026533208006903e-01
2.470312858249541499e-01
1.942713169541230300e-01
1.374765341097764493e-01
1.702329630245159597e-01
2.367446483178132777e-01
2.431804992666896093e-01
2.310209425521652093e-01
1.760416668172438692e-01
1.643474176520137719e-01
2.348993289949045105e-01
2.514481946561711867e-01
2.750043127005340482e-01
2.511507481129170438e-01
2.222446237865852714e-01
2.333210670110369422e-01
2.345917260704926122e-01
2.658226167411756879e-01
2.723183483795554860e-01
3.002056904296238615e-01
3.352894105900616761e-01
3.611997448079588002e-01
4.418792136243105961e-01
4.255435006549188603e-01
4.586618132633475398e-01
4.749542816773719700e-01
4.849828162090966677e-01
4.429526523963399631e-01
4.340046838937701157e-01
6.369807940133959123e-01
6.402569593568696593e-01
4.557083467161594514e-01
4.429740908811077293e-01
4.387415604305981986e-01
3.143896505198403579e-01
3.100364791417903332e-01
3.713862964700395120e-01
2.818476654645577506e-01
2.708333334221694200e-01
2.708079920909990390e-01
2.513761243363424880e-01
2.578079605779334260e-01
2.766099354148124911e-01
3.504493659391257898e-01
3.379629630561237219e-01
3.701723114378842050e-01
3.587482219973331388e-01
3.357329843877001618e-01
2.623359239377860419e-01
2.667339388737235417e-01
2.530886697350482883e-01
2.743511842460862882e-01
2.776057792414732273e-01
2.907038449405779934e-01
3.106212425652908893e-01
2.954220737881635417e-01
2.688370736865913768e-01
2.519753087343240550e-01
2.826670502249704064e-01
2.399540033309803810e-01
1.877873828545433277e-01
1.591664422349222674e-01
2.260541501366986061e-01
2.423428265504892209e-01
2.331121424440176781e-01
2.702309757227946418e-01
2.456625142701907016e-01
2.034000464873811920e-01
2.013410319734679765e-01
1.956142232710156303e-01
1.981832475619147438e-01
2.274800967248890027e-01
2.545099663963876768e-01
2.094248565890720615e-01
3.433099890228148432e-01
3.369063570868807700e-01
3.265306123278948203e-01
1.802345108741973956e-01
2.982632898885101413e-01
2.804555085653178681e-01
2.738534529113821891e-01
2.161529458686236582e-01
2.475044792363061408e-01
2.488323624888468810e-01
2.551304789390511640e-01
2.112497892827276402e-01
8.104956283105779757e-02
1.013281504532996813e-01
1.405895693001960600e-01
1.647392291602302050e-01
3.059903514199310282e-01
1.894928588855316898e-01
3.177503560575239971e-01
2.785626904844727969e-01
2.920512058002916467e-01
3.135598125686024362e-01
4.082343739730877052e-01
2.800693909888120059e-01
4.245764614292920625e-01
4.262167171383683950e-01
2.848819381401550555e-01
2.875860460520842654e-01
3.279882378037644042e-01
3.331385943585813969e-01
3.283904018009806691e-01
3.006880654650917473e-01
3.259805333956136142e-01
3.290321855610768287e-01
3.179531814174509918e-01
3.241455722010893048e-01
3.475194661459933831e-01
4.078598723387359959e-01
3.402540637276039170e-01
3.707865169445712095e-01
3.205717203645341851e-01
2.852599042386161354e-01
2.528402558525612021e-01
2.747900662148189399e-01
2.711949985489545689e-01
2.422724145215744418e-01
2.450696327935524277e-01
2.494084241600554863e-01
2.520181796256010243e-01
2.484960818052717180e-01
2.661913251359689925e-01
2.740447959034840730e-01
2.956024453928215445e-01
3.067374710742221122e-01
3.267705453914042657e-01
3.097947606691482392e-01
3.105394606542558611e-01
3.237414854089148974e-01
3.073484354969531207e-01
2.886406588673325890e-01
2.630227378338765298e-01
2.973459137765840365e-01
2.990940649734833423e-01
3.207031917868743420e-01
3.339975476302886603e-01
3.289634409756622135e-01
3.184549357393210434e-01
3.164882228151626453e-01
2.843787539763621419e-01
2.965395039787820375e-01
2.961328290429920962e-01
2.836275747366492350e-01
2.956761859387472269e-01
2.987012988248778367e-01
2.913662740827560604e-01
2.978723405500226518e-01
2.726999293572718308e-01
2.740459242316463095e-01
2.539742012785287661e-01
2.521722065956266690e-01
2.629841746930393631e-01
2.611821800101372659e-01
2.449642278640182802e-01
2.575781906443329605e-01
2.557761959614308633e-01
2.595764421738878669e-01
2.435190638113937656e-01
2.430853622961967053e-01
2.546164964130285258e-01
2.595764421738878669e-01
2.431622331811161830e-01
2.263376689635252514e-01
2.202731823374934894e-01
2.119970195138747293e-01
2.402111594112342763e-01
2.457584874523836005e-01
2.482141009683173083e-01
2.506520248368819814e-01
2.592110448160855896e-01
2.671217567503273438e-01
2.611444236318066769e-01
2.364528592147613351e-01
2.433870743922064150e-01
2.528234944139913232e-01
2.455693535830592023e-01
2.218921114431983144e-01
2.331924109381329213e-01
2.340338499030127917e-01
2.394496832346663107e-01
2.446672465352589532e-01
2.453845631096490676e-01
2.535672276626660393e-01
2.596796183947376324e-01
2.322405770244565515e-01
2.454981994055125405e-01
2.268873974939814575e-01
2.139507234272490788e-01
2.213829358315596574e-01
2.108753530922347075e-01
2.153191213010620109e-01
2.278547792707217301e-01
2.423361145423383878e-01
2.546986391327160648e-01
2.476995070431676771e-01
2.535982798490687973e-01
2.715304183663608262e-01
2.644718316593409613e-01
3.591484677067431353e-01
3.644179087215341228e-01
3.593373083671905777e-01
3.599608988162757983e-01
3.482642099391959345e-01
3.572718581661726844e-01
3.344527764741450637e-01
3.512118699733954852e-01
3.477500422915740241e-01
3.382857143879095529e-01
3.292060389875396398e-01
3.066831956146244265e-01
2.112360670098135662e-01
2.012126805507788996e-01
2.150292992413282978e-01
2.286076691663239124e-01
2.320019644406610126e-01
2.587604561478603626e-01
2.520703182959513899e-01
2.658109309331055936e-01
2.472183871928501642e-01
2.613950446869908184e-01
2.734607219870226480e-01
2.869508412074227577e-01
2.636513265242930171e-01
2.727555625839808151e-01
2.901662050953884853e-01
3.174791915428093469e-01
3.444646743720910509e-01
3.463791581768650429e-01
3.498909336744563392e-01
3.325898099124516838e-01
3.377846562992432577e-01
3.247843045554922314e-01
3.301937568278027202e-01
3.144146177435274137e-01
4.273459688999963202e-01
4.324324325151707171e-01
4.121287129579018771e-01
3.146762122767148284e-01
3.177629836265356555e-01
3.056524003682575819e-01
3.015424655164494760e-01
3.513763660131103972e-01
3.675513419669582671e-01
2.118984274158313141e-01
1.899578541702383605e-01
1.964381913368764554e-01
2.018411130332666836e-01
1.959581663606262403e-01
2.082409374525059365e-01
1.954706299920625501e-01
1.939922939067402208e-01
1.870881498486925976e-01
1.947786428882947174e-01
2.806794056332972964e-01
3.131556185714939877e-01
2.311394197953701157e-01
2.212314226277847240e-01
2.417079501074612669e-01
2.593850752128041837e-01
2.574663836978113851e-01
2.620901157093512568e-01
2.658645908208123743e-01
2.775969176256040116e-01
2.850829599300018780e-01
2.970983723681531741e-01
3.353463868309591867e-01
3.465125423690316175e-01
3.181567980941799600e-01
3.547220257364596119e-01
3.366359991607084101e-01
3.344342220123560638e-01
3.353463868309591867e-01
3.330502478048202875e-01
3.366359991607084101e-01
3.300149407360203346e-01
3.312573721268763371e-01
3.424549816242109523e-01
3.535582292437590146e-01
3.031060785872288221e-01
2.836675317632040283e-01
2.753007785994652235e-01
2.574663836978113851e-01
2.629865535483233430e-01
2.944405128104993219e-01
2.979476292682319283e-01
2.529684675233202507e-01
2.370842180959213952e-01
2.430290163964726746e-01
2.249744437799836572e-01
2.168907762496044000e-01
2.276294398406032427e-01
2.388013594008647766e-01
2.668041238233213042e-01
2.738282833920387960e-01
2.766177231201036868e-01
3.049721774509406291e-01
2.938612969728964242e-01
3.115381847964387996e-01
3.187859992144755905e-01
3.020394757529278884e-01
3.149922032650194215e-01
3.209413572135857429e-01
3.180921882729036421e-01
3.090497199074386803e-01
