6.422535215466507186e-01
5.451263543568699577e-01
5.112853415166485060e-01
3.936619725426502292e-01
4.424047734713115743e-01
3.441072138903160660e-01
5.168918923452591185e-01
4.648509769117666890e-01
2.105362552671142806e-01
6.009261559572263156e-01
2.441794449286779356e-01
3.333333345410627313e-01
3.509090918925619196e-01
4.500399685750999801e-01
3.725374316661372864e-01
4.325179864280316311e-01
4.377630796185161266e-01
5.336032394958121206e-01
5.360321568532412373e-01
4.848484855848362862e-01
4.204660597425429192e-01
4.407041986450916937e-01
4.286694107106903129e-01
4.315895377951814993e-01
4.328358214180616503e-01
4.004124932229301548e-01
1.000000000000000000e+00
1.000000000000000000e+00
1.000000000000000000e+00
3.852733363840894487e-01
1.000000000000000000e+00
4.306423401266653572e-01
3.137521230178244025e-01
3.497127498475580687e-01
1.000000000000000000e+00
6.136336836730349464e-01
1.000000000000000000e+00
4.208144804569931008e-01
3.473071768651242452e-01
1.000000000000000000e+00
1.000000000000000000e+00
1.000000000000000000e+00
4.627222479266065447e-01
4.210963463163117648e-01
3.857700399493094734e-01
1.000000000000000000e+00
3.326322612317872407e-01
3.277310935668384939e-01
3.633603249605932284e-01
1.000000000000000000e+00
1.000000000000000000e+00
1.000000000000000000e+00
1.000000000000000000e+00
1.000000000000000000e+00
1.000000000000000000e+00
4.202988798045881325e-01
1.000000000000000000e+00
1.000000000000000000e+00
5.142174436366249157e-01
4.680715202202494485e-01
4.403131120936271126e-01
3.478023782879241521e-01
4.590797335273272273e-01
4.886546368691668807e-01
5.038516409854002509e-01
4.728876593679082196e-01
4.457378901185337083e-01
4.395770398392980782e-01
3.865805175083693035e-01
4.782794784097159635e-01
4.912043307496568589e-01
4.350201646480809092e-01
3.502626979710118382e-01
2.911175778005860026e-01
2.138998933851279372e-01
2.056265052644336011e-01
3.159806309201359520e-01
3.196605385515314257e-01
3.939810369740538443e-01
2.956751993648772947e-01
3.947587360703423975e-01
5.795887285038188175e-01
4.254803213714974941e-01
2.825322403575075692e-01
4.683010153036260004e-01
5.230363309082237677e-01
3.952157029286283985e-01
1.000000000000000000e+00
1.000000000000000000e+00
1.000000000000000000e+00
1.000000000000000000e+00
1.000000000000000000e+00
1.000000000000000000e+00
1.000000000000000000e+00
1.000000000000000000e+00
1.000000000000000000e+00
1.000000000000000000e+00
1.000000000000000000e+00
1.000000000000000000e+00
1.000000000000000000e+00
1.000000000000000000e+00
1.000000000000000000e+00
1.000000000000000000e+00
2.904964549070971902e-01
3.725992327583238506e-01
2.278994338444860768e-01
1.000000000000000000e+00
1.000000000000000000e+00
1.000000000000000000e+00
1.000000000000000000e+00
1.000000000000000000e+00
1.000000000000000000e+00
1.000000000000000000e+00
1.000000000000000000e+00
1.000000000000000000e+00
1.000000000000000000e+00
1.000000000000000000e+00
1.000000000000000000e+00
1.000000000000000000e+00
1.000000000000000000e+00
1.000000000000000000e+00
1.000000000000000000e+00
1.000000000000000000e+00
1.000000000000000000e+00
1.000000000000000000e+00
1.000000000000000000e+00
1.000000000000000000e+00
1.000000000000000000e+00
1.000000000000000000e+00
1.000000000000000000e+00
1.000000000000000000e+00
1.000000000000000000e+00
1.000000000000000000e+00
3.302034440441602436e-01
3.264281240953732510e-01
3.386590594312994806e-01
2.995638113134039271e-01
3.248154467279734670e-01
3.035760907027197364e-01
1.000000000000000000e+00
1.000000000000000000e+00
1.000000000000000000e+00
1.000000000000000000e+00
1.000000000000000000e+00
2.941908721014617756e-01
1.000000000000000000e+00
7.711143122022858787e-01
1.000000000000000000e+00
7.220447287516604806e-01
1.000000000000000000e+00
1.000000000000000000e+00
1.000000000000000000e+00
1.000000000000000000e+00
1.000000000000000000e+00
1.000000000000000000e+00
3.252675669378617407e-01
1.000000000000000000e+00
1.000000000000000000e+00
1.000000000000000000e+00
1.000000000000000000e+00
1.000000000000000000e+00
3.106580995893439834e-01
1.000000000000000000e+00
1.000000000000000000e+00
1.000000000000000000e+00
1.000000000000000000e+00
2.664630318332018577e-01
1.000000000000000000e+00
1.000000000000000000e+00
4.454294437978277843e-01
4.237776464504892093e-01
1.000000000000000000e+00
1.000000000000000000e+00
2.102343493600878910e-01
2.824527078903535937e-01
2.724471838991557870e-01
2.086081230954435206e-01
2.113609476788627095e-01
2.475124386617905126e-01
3.343911992654277077e-01
3.378129410016116330e-01
3.148175086304819681e-01
3.674885584416232032e-01
4.869588249874766683e-01
3.116940872807261176e-01
3.285246886845260006e-01
2.509310174659850068e-01
3.514938498937627553e-01
3.562316006603997165e-01
2.078977947969458118e-01
7.989690919266123625e-02
7.743766657725992264e-02
5.645161480554106159e-02
2.761832365022177660e-01
2.610371421495494282e-01
2.743789409077141972e-01
2.462809929813537524e-01
2.560240976304817284e-01
2.593125511441844999e-01
2.255017722626044829e-01
1.568477445354863331e-01
1.191292095965950093e-01
2.647604915247669943e-01
1.845088178326850237e-01
1.073275881307594881e-01
2.885112683994989213e-01
1.204324343342001447e-01
2.224911576568773253e-01
3.336938897896269962e-01
3.281853295505275936e-01
3.526011575086679395e-01
3.828571442135006997e-01
4.703703713511659945e-01
3.984375011749267115e-01
3.684210539506661553e-01
3.444613064286552451e-01
4.643734653134898860e-01
5.264613691195623169e-01
2.866310175687036832e-01
2.793445135683221281e-01
4.426633795267511662e-01
2.855711437162902211e-01
2.236088395589016509e-01
3.426067085697280801e-01
2.219780234029705701e-01
3.496042228616580427e-01
3.075371367916062137e-01
3.540799722198660904e-01
1.990232006531883480e-01
2.229690815767829681e-01
1.739034134384062069e-01
2.128060280125422254e-01
3.275388850365252846e-01
2.326631119559640082e-01
3.279147994620426054e-01
2.445193943329222463e-01
2.467218784563114387e-01
1.395348854312563613e-01
3.571315758061418544e-01
3.599022012715131780e-01
1.567679572569613544e-01
1.968667436827732375e-01
2.738716621524843742e-01
2.197112378849478409e-01
2.367407418714951861e-01
2.685652006151175719e-01
1.947368433161851264e-01
2.690403215408625481e-01
2.995192316111547903e-01
4.781864847324780454e-01
4.208912740382225737e-01
3.747451996837837251e-01
3.972602746278970365e-01
3.249920316783677654e-01
2.952596678607674052e-01
2.293233094778770464e-01
2.194283941598806909e-01
1.345454558567492631e-01
5.003604907170506877e-01
9.096077488921583409e-02
2.645679851564500806e-01
3.467048721001195766e-01
3.595041333341870704e-01
2.647702420409002722e-01
4.462611734834737165e-01
3.079122985257192191e-01
2.910638309939338475e-01
2.937771356095844055e-01
3.013568956544052657e-01
2.500000008522726969e-01
2.276867040343816262e-01
3.796394492993525605e-01
4.108491652427910257e-01
4.562211987831552573e-01
3.968290448106284174e-01
3.441734429192891964e-01
2.866108799047927258e-01
4.203792558597450046e-01
4.515206958020572259e-01
4.191546664100752606e-01
3.900150157782594773e-01
3.085937512276388794e-01
1.246612483068887389e-01
2.468354444399935010e-01
1.607396887609434666e-01
2.533275163575658961e-01
2.089650643617554371e-01
1.843850284825988561e-01
1.809775447358485945e-01
2.310606078810117925e-01
2.632386813828881955e-01
5.430664548040764483e-02
2.498845282912597332e-01
2.266229218968293102e-01
1.515561588823721717e-01
2.517621556989658727e-01
1.238615682577178800e-01
1.666666682167657898e-01
1.538619152758411435e-01
1.431372565820837606e-01
1.973614789844124751e-01
2.278000015443999438e-01
1.140282149019823388e-01
1.495204078436704886e-01
2.934690427591704065e-01
1.913814972721133989e-01
2.347061190829545785e-01
3.198752077080653233e-01
1.246498616953783944e-01
1.987704934451424155e-01
2.951807241403601179e-01
1.899313516591697448e-01
1.575817657927021109e-01
2.141882687343310554e-01
1.475285187309343105e-01
1.179085912895098121e-01
1.840083813128344792e-01
9.418604826708121269e-02
2.194570148360422968e-01
4.061349699875794750e-01
2.010691512311274520e-01
3.417059142827386653e-01
2.958579893911277292e-01
3.541666677178276768e-01
3.595583171850270654e-01
2.127071838739005294e-01
1.000000000000000000e+00
2.370473068150280582e-01
1.740022098532856276e-01
2.491905029017936757e-01
2.779544259698536468e-01
2.626691134342248324e-01
2.406006015127920561e-01
1.810176135261526431e-01
1.136486059316507147e-01
2.497709931300040598e-01
1.761474199654945449e-01
3.071153029285090819e-01
3.033756188955325506e-01
1.000000000000000000e+00
1.136901418437293865e-01
1.000000000000000000e+00
1.998960239148738216e-01
2.333990803929442137e-01
2.430506067438220619e-01
3.553046863858889681e-01
3.491373968609440270e-01
2.385659252160061694e-01
4.133133890601146110e-01
2.001328696227655524e-01
3.437590510516086439e-01
2.401215817019428655e-01
2.417038939985578505e-01
1.551724152497027109e-01
3.268461752508048379e-01
2.478390473206570910e-01
1.481838650784572664e-01
1.983918367119346104e-01
1.692581087379563254e-01
1.297208552878146293e-01
2.119073205279924377e-01
1.685502112228766114e-01
2.809877351823955038e-01
1.672775755293608446e-01
2.718848266227290589e-01
3.449160455399765679e-01
2.784629989581794973e-01
1.961385240635327154e-01
2.728433608501087404e-01
3.521959468578322872e-01
4.414724583666942426e-01
3.438296335205138776e-01
3.150450741140113919e-01
3.656188057694437221e-01
2.746114000077556350e-01
2.810489072055197823e-01
3.157332529898775331e-01
2.175301646246803333e-01
3.345323748986421819e-01
2.825484774006746802e-01
2.738367667507796144e-01
2.836028306169746660e-01
3.462201436269143340e-01
1.358705332813968658e-01
2.273504282938334509e-01
3.446941196164992061e-01
2.039623267230231685e-01
2.745615407813727371e-01
5.211726390603613757e-01
3.219321942365253042e-01
3.277169343896139120e-01
2.398362105296341085e-01
2.200372957788823136e-01
1.959296962147460963e-01
2.283524918997078546e-01
3.222591375371132161e-01
1.000000000000000000e+00
2.571428587507730290e-01
1.710526333968143131e-01
1.923674302365931954e-01
1.567567586559531767e-01
1.464919060399153539e-01
2.190889385049006322e-01
3.152759096310969733e-01
2.216960837685519881e-01
2.820159324724020866e-01
3.834662808071555018e-01
3.573141495876510643e-01
3.964908155952768798e-01
3.290043298112020898e-01
2.463393639167280602e-01
2.248953988408378679e-01
2.519319951022978010e-01
2.293882991532774085e-01
2.663247875789319652e-01
2.513020847260005741e-01
4.381402688130177081e-01
2.573710088915417415e-01
4.151138726447310967e-01
3.196564898479837824e-01
2.623895519354790817e-01
3.102189792464847828e-01
1.983805683470588610e-01
3.010021487097312987e-01
2.323714488340823392e-01
2.912087925069435368e-01
1.872917147582943143e-01
1.132786541492381005e-01
2.158771377549704162e-01
1.904034914058810868e-01
1.124807418785805924e-01
2.638920666272762672e-01
3.316831698206949008e-01
1.976587140980217150e-01
9.992152995050607167e-02
3.906551074406187096e-01
2.998249579899351369e-01
2.516522642306755486e-01
3.219825968180427544e-01
3.626767588873197612e-01
1.640018292279536993e-01
3.199612416279820071e-01
1.210783194955186159e-01
2.003676488962139457e-01
2.523454432226474031e-01
2.298624773333436400e-01
3.571428585470884931e-01
3.221730904986879196e-01
2.185460292177671127e-01
2.336220314598665970e-01
4.371941283907133657e-01
2.172828323490976210e-01
2.874074091668953335e-01
3.231920216379251531e-01
2.259638867106785742e-01
2.721758926657167343e-01
1.451540885548143756e-01
2.947558786284902865e-01
3.419894380678049073e-01
1.965046905445338998e-01
1.870967760665972479e-01
1.595147176825101321e-01
3.219927109720681635e-01
2.466517873958664619e-01
1.000000000000000000e+00
8.000000253793104754e-02
3.742534851266234863e-01
3.301526733536434000e-01
2.890442907015283724e-01
2.570239349489615854e-01
3.031674223910238997e-01
2.840909105974517290e-01
1.380413407036384932e-01
3.627954792131644624e-01
2.082251099389066384e-01
2.825255117293249407e-01
3.949915837647482997e-01
1.376950475288939435e-01
2.888888904850978046e-01
2.101910847374055535e-01
1.350418946893989780e-01
3.175416147726384253e-01
3.116531179661181650e-01
1.635220144574976997e-01
1.435439580047069841e-01
1.265882373492041024e-01
2.609078905665317416e-01
6.250000225360574646e-02
2.009936784078732996e-01
1.741100341443149180e-01
5.329637934509212638e-01
4.889019383571321375e-01
4.487632516949893180e-01
1.000000000000000000e+00
3.354495194189539564e-01
1.000000000000000000e+00
1.000000000000000000e+00
1.000000000000000000e+00
1.000000000000000000e+00
1.000000000000000000e+00
1.000000000000000000e+00
1.000000000000000000e+00
1.000000000000000000e+00
1.000000000000000000e+00
1.000000000000000000e+00
2.879137809269994852e-01
3.980738371544231269e-01
4.700854708159836193e-01
4.922708879420851780e-01
1.000000000000000000e+00
1.000000000000000000e+00
1.000000000000000000e+00
1.000000000000000000e+00
1.000000000000000000e+00
1.000000000000000000e+00
1.000000000000000000e+00
1.000000000000000000e+00
1.000000000000000000e+00
1.000000000000000000e+00
1.000000000000000000e+00
1.000000000000000000e+00
1.000000000000000000e+00
1.000000000000000000e+00
1.000000000000000000e+00
1.000000000000000000e+00
1.000000000000000000e+00
1.000000000000000000e+00
1.000000000000000000e+00
1.000000000000000000e+00
1.000000000000000000e+00
1.000000000000000000e+00
1.000000000000000000e+00
1.000000000000000000e+00
1.000000000000000000e+00
1.000000000000000000e+00
1.000000000000000000e+00
1.000000000000000000e+00
1.000000000000000000e+00
1.000000000000000000e+00
1.000000000000000000e+00
1.000000000000000000e+00
1.000000000000000000e+00
1.000000000000000000e+00
1.000000000000000000e+00
1.000000000000000000e+00
1.000000000000000000e+00
1.000000000000000000e+00
1.000000000000000000e+00
1.000000000000000000e+00
1.000000000000000000e+00
1.000000000000000000e+00
1.000000000000000000e+00
1.000000000000000000e+00
1.000000000000000000e+00
1.000000000000000000e+00
1.000000000000000000e+00
1.000000000000000000e+00
1.000000000000000000e+00
1.000000000000000000e+00
1.000000000000000000e+00
1.000000000000000000e+00
1.000000000000000000e+00
1.000000000000000000e+00
1.000000000000000000e+00
1.000000000000000000e+00
1.000000000000000000e+00
1.000000000000000000e+00
1.000000000000000000e+00
1.000000000000000000e+00
1.000000000000000000e+00
1.000000000000000000e+00
1.000000000000000000e+00
1.000000000000000000e+00
1.000000000000000000e+00
1.000000000000000000e+00
1.000000000000000000e+00
1.000000000000000000e+00
4.163752569439583828e-01
1.000000000000000000e+00
1.000000000000000000e+00
1.000000000000000000e+00
1.000000000000000000e+00
1.000000000000000000e+00
1.000000000000000000e+00
1.000000000000000000e+00
1.000000000000000000e+00
1.000000000000000000e+00
1.000000000000000000e+00
1.000000000000000000e+00
1.000000000000000000e+00
1.000000000000000000e+00
1.000000000000000000e+00
1.000000000000000000e+00
1.000000000000000000e+00
1.000000000000000000e+00
1.000000000000000000e+00
1.000000000000000000e+00
1.000000000000000000e+00
1.000000000000000000e+00
1.000000000000000000e+00
1.000000000000000000e+00
1.000000000000000000e+00
3.280000009955554852e-01
3.437396224780145948e-01
3.369403498756385895e-01
3.822784818814648489e-01
3.017488087412578679e-01
2.176470600346019912e-01
3.061442303611155991e-01
1.700583982126023797e-01
3.615279682256662408e-01
3.914134382612023400e-01
4.153957887939059290e-01
3.340206197009955025e-01
1.000000000000000000e+00
1.000000000000000000e+00
1.000000000000000000e+00
3.602693614660131827e-01
1.000000000000000000e+00
3.867403324074356608e-01
1.000000000000000000e+00
3.407582948803186129e-01
3.922341032748535294e-01
3.002327396427730832e-01
4.075520842976040337e-01
4.357073808641518387e-01
3.719806771712551585e-01
2.544635688363140469e-01
3.210518039347318719e-01
3.525957254491476345e-01
4.143092360210908209e-01
1.000000000000000000e+00
1.888489218359125088e-01
1.683467752414985474e-01
2.079965983156151221e-01
1.414585174576897808e-01
2.819859970948618288e-01
1.879815110580617121e-01
3.105590071033138555e-01
1.729323318992320724e-01
2.510948914220256789e-01
1.015625011141337852e-01
2.092050218936684081e-01
1.000000000000000000e+00
2.102216758494807047e-01
1.000000000000000000e+00
1.000000000000000000e+00
3.762600814311238828e-01
2.689571058457439490e-01
1.869622775347867805e-01
1.000000000000000000e+00
4.667968756942748598e-01
1.000000000000000000e+00
1.000000000000000000e+00
2.514938121516284708e-01
2.335766431584621605e-01
3.119533534860959856e-01
2.545166410411868751e-01
4.181451620723855012e-01
1.000000000000000000e+00
3.741997139281416640e-01
3.852412493990149400e-01
3.457905550864572852e-01
3.583333340017360591e-01
3.309519024643269303e-01
3.241165908124210571e-01
5.124378114117510430e-01
4.929317199547891271e-01
4.100445014893792095e-01
4.194444449819958454e-01
4.680403705062738950e-01
5.497835501315835316e-01
1.000000000000000000e+00
1.000000000000000000e+00
4.206638864957734647e-01
1.000000000000000000e+00
3.584113047943371377e-01
3.322030620691696079e-01
2.711517768878882739e-01
3.105894634213985928e-01
2.520826209607638368e-01
2.631578956263183056e-01
2.572135212184479824e-01
2.693373654959216879e-01
4.541330652039653470e-01
2.275574126173321998e-01
2.912423636358414392e-01
2.666666675213674731e-01
3.169126000943103261e-01
2.400000008444443944e-01
2.334600770171608719e-01
4.553450616301149001e-01
2.864709453897230640e-01
2.965228597375800801e-01
2.542556076003030796e-01
1.000000000000000000e+00
1.000000000000000000e+00
4.025467484197008394e-01
1.000000000000000000e+00
4.811996424785142112e-01
4.514767939102147798e-01
4.352941183391003666e-01
1.000000000000000000e+00
1.000000000000000000e+00
1.000000000000000000e+00
2.238805982215786861e-01
1.000000000000000000e+00
2.973116857901094701e-01
1.000000000000000000e+00
2.366763949674759449e-01
3.566362724610850909e-01
2.444542393940734026e-01
3.809655180952199460e-01
2.732919265942671538e-01
3.497153141298841028e-01
3.178683396271655415e-01
1.000000000000000000e+00
2.400596434061303963e-01
9.387755256143270888e-02
2.368830444959934001e-01
2.154865015868797640e-01
2.518659457751120101e-01
1.000000000000000000e+00
1.000000000000000000e+00
1.000000000000000000e+00
1.000000000000000000e+00
2.056737602736280479e-01
1.704360427529653110e-01
1.554594612854930391e-01
3.047118711135907709e-01
1.858150910334447348e-01
1.915052176015178409e-01
1.525719282431178270e-01
2.173637528242018391e-01
1.088373793755208485e-01
2.991296391828833778e-01
3.042658912039302166e-01
2.888888900508350677e-01
3.511038440701490515e-01
3.098871942437172455e-01
3.265023122858207172e-01
2.801138171354508044e-01
5.008037417787465362e-01
4.100032382486188398e-01
4.637053095020242655e-01
3.910383607952407914e-01
4.991869926842488203e-01
4.284750347023025263e-01
5.589941979013619555e-01
4.823592789087539634e-01
2.943534926589483902e-01
2.777595819230926910e-01
2.043176576632272923e-01
2.227039826119353583e-01
1.791703456678369610e-01
3.410841664178542176e-01
4.400000007320261641e-01
3.800815690302834504e-01
2.715267493982930214e-01
1.940968893261197925e-01
1.664364655275613059e-01
7.877664674925544119e-02
2.019501233790547134e-01
2.678446478869057623e-01
2.099878633431803143e-01
1.288433398081197945e-01
3.029507194454645891e-01
