4.318261310823601207e-01
4.265293856575059772e-01
4.302826690619552252e-01
3.248910228086994145e-01
3.242862477891905737e-01
4.381443299216607468e-01
4.819414555955152668e-01
4.415743399396907520e-01
4.433948939120645472e-01
4.438710132217253967e-01
4.504219222915410992e-01
4.379583147406296284e-01
4.404588829513511605e-01
4.368855267913893670e-01
4.303877162243407994e-01
4.365789787704593694e-01
4.362221476995911118e-01
4.350211231209695217e-01
4.370297562363293364e-01
4.401799311860060682e-01
4.338786429016818769e-01
4.376496191762274668e-01
3.155157288270621363e-01
3.028592736110201633e-01
2.953521366951165072e-01
4.288825245404284114e-01
4.258356454786379475e-01
4.253933946850911862e-01
4.235851003823012384e-01
4.367822203567284234e-01
4.248385047378641088e-01
4.286544660565473341e-01
4.316840852215159119e-01
4.217678135191662570e-01
2.690766217510032199e-01
4.329389871313332749e-01
2.785173323058242056e-01
2.777690977469019495e-01
2.793160070619264967e-01
4.380603859177613080e-01
4.764465551787702147e-01
4.224227302532715944e-01
4.454204325264312647e-01
4.422921844114718892e-01
4.541572767384589593e-01
4.793222383670647790e-01
5.093273198181100803e-01
5.047098617298175771e-01
4.943102481686765248e-01
4.947174912320548845e-01
5.112564735597258103e-01
5.122021535931773339e-01
5.140512896164667334e-01
5.087680793806097501e-01
5.510266027957481105e-01
5.427280821934571398e-01
4.765973154305610526e-01
5.445060178534755213e-01
5.315259159480681950e-01
5.191705761927647433e-01
5.161443546210622291e-01
5.170270390446423114e-01
4.955347115378896383e-01
5.060378371309823820e-01
4.911734164270754599e-01
5.016438315592730568e-01
4.466462141056511959e-01
4.398160628145636464e-01
4.327253608029887344e-01
4.285490454366907009e-01
4.695305712100285023e-01
4.245757656851099071e-01
4.259963785975352524e-01
4.135864369062605128e-01
4.136414211941870089e-01
4.060254130045695131e-01
4.139444864278879477e-01
4.028543471753714966e-01
4.056270199591361925e-01
4.366139629953467161e-01
4.037397504409719895e-01
3.961967447232589423e-01
4.262820513052689719e-01
4.251308138591848307e-01
4.202977174142357164e-01
4.164977107520344557e-01
4.374558131826122853e-01
4.111409199397999537e-01
4.201676174384751938e-01
4.094549517178519560e-01
4.930806234851057290e-01
4.288451428460056114e-01
4.285925258274548844e-01
4.340693617796355097e-01
5.140522923755881379e-01
5.152037469539705317e-01
4.429793999991152864e-01
4.365800916348275829e-01
4.348658169089002490e-01
4.309167276340715169e-01
4.235042349839905906e-01
4.403550768235772184e-01
4.431167173072924070e-01
4.549904955578560894e-01
4.594365600742044142e-01
4.677098294375273690e-01
4.770799471980783357e-01
4.795312222169694216e-01
4.689180319548573728e-01
4.698205898833652805e-01
4.638503366028421393e-01
4.655325925266881049e-01
4.631991898859170176e-01
4.672932012756204623e-01
4.731574430517142549e-01
4.713651357747032922e-01
4.670671384314121211e-01
4.646902206295033810e-01
4.593196821486220660e-01
4.563543057988612706e-01
4.533426533847884077e-01
4.593978559488278712e-01
4.551643972328476284e-01
4.615905770408055275e-01
4.549696287084448176e-01
4.554187525591969488e-01
4.565500256764883913e-01
4.598224035494643536e-01
4.714327932049683367e-01
4.630863324747194198e-01
4.621340171556551635e-01
4.594748505366843538e-01
4.542860193378274181e-01
4.531602778653818220e-01
4.549974157886426118e-01
4.485733975668619866e-01
4.512076663979296409e-01
4.748964314770061090e-01
3.564703079853911438e-01
4.614982736008336195e-01
4.644354579791206694e-01
4.937183328977129415e-01
4.962091123331084930e-01
4.965029081256463472e-01
5.298441710863107668e-01
4.930864101093479501e-01
4.906743083241247305e-01
5.445460894013776088e-01
5.401693568968988224e-01
5.407817147788001044e-01
5.399491308256101352e-01
4.845128993447876953e-01
4.887401095748991064e-01
4.879486287336444184e-01
4.818312247486694622e-01
4.785866955364508346e-01
4.729476065030928655e-01
4.749345522896402105e-01
4.773635402884242040e-01
4.770316703112176260e-01
4.718998419306393854e-01
4.698489258480164077e-01
4.644034837340859090e-01
4.619513569551337850e-01
4.598122616806262775e-01
4.955772183461062408e-01
4.970629937397481601e-01
4.674138980646471708e-01
5.028366374502571956e-01
4.984085180218064126e-01
4.701777607691672856e-01
4.609126282483079207e-01
4.735948457529007838e-01
5.094359874911568165e-01
5.036304845822878740e-01
5.115347669405436726e-01
4.765282131866563908e-01
3.678035179448244651e-01
3.744730478472848567e-01
3.724121052603297510e-01
4.810631764377124586e-01
4.782802371266580144e-01
4.893702802226205240e-01
4.934033115226200694e-01
4.927886507154097817e-01
4.938998880800421487e-01
5.018859642782045327e-01
4.981748333248143812e-01
5.019286915484872935e-01
4.756325910147009006e-01
4.941609599033187639e-01
5.002775285702232289e-01
4.929052694139287594e-01
4.861006850620742670e-01
4.721821237901756563e-01
4.810117874825085016e-01
4.658856417623972179e-01
4.659374377096863196e-01
4.522172502512155079e-01
4.473728699178652901e-01
4.548522170846961421e-01
4.483179961286409831e-01
4.427749265379641308e-01
4.457867493729854580e-01
4.576421852309638938e-01
4.509730879590504449e-01
4.555161372798701702e-01
4.621681559064627631e-01
4.510291139041512354e-01
4.519914545152053931e-01
4.546773963873801394e-01
4.467161334540312723e-01
4.436885278007278721e-01
4.420961949167189209e-01
4.391589877836972189e-01
4.460256647011567877e-01
4.421588201437427479e-01
4.351363882146338513e-01
4.384094474369296668e-01
4.361200323543271695e-01
4.379083289719241101e-01
4.433905198503887979e-01
4.413235055988652400e-01
4.338715262434704734e-01
4.282254616209666409e-01
4.353311630092745466e-01
4.326224068731636674e-01
4.244790019349167220e-01
4.266678648238244609e-01
4.265277108064633449e-01
4.355176154804423216e-01
4.380355115344432004e-01
4.350813682134146987e-01
4.225608661320813253e-01
4.328956950429094785e-01
4.359314137402173772e-01
4.308825988232495297e-01
4.334516755451636172e-01
4.333873086137969288e-01
4.348999757163368729e-01
4.472627450548698480e-01
4.375098738525006192e-01
4.423251473589470129e-01
4.451605719931496230e-01
4.413084569037597493e-01
4.387597299070931101e-01
4.395907191731246444e-01
4.364506637153581226e-01
4.437204777564263125e-01
4.366813160745629530e-01
4.284648092396988739e-01
4.324445068722393426e-01
4.375374418695414658e-01
4.354392628424550438e-01
4.388090586347607180e-01
4.350651848105104857e-01
4.275413635731435402e-01
4.221633869036699460e-01
4.288601747156546296e-01
4.315817267599502127e-01
4.344358823620133592e-01
4.391102303253301420e-01
4.362693244188866615e-01
3.434008455554440342e-01
4.389833182229817554e-01
4.414050121292193429e-01
4.476353291127057599e-01
4.436564628269166199e-01
4.375948285993380704e-01
4.443229615766339791e-01
4.439134798349918531e-01
4.394629185768682555e-01
4.434496261493087177e-01
4.290639912043918702e-01
4.321501886970011697e-01
4.411729600470115642e-01
4.339990568803184789e-01
4.320640277706296883e-01
4.268594745145614100e-01
4.231299071430266734e-01
4.210499484065947096e-01
4.252368166288057472e-01
4.185872525503675501e-01
4.317691640344840653e-01
4.279674754821850557e-01
4.240386717138689976e-01
4.237918694963939137e-01
4.170186512519568067e-01
4.285384250333258427e-01
4.233250534989595470e-01
4.331236625626040393e-01
4.198834244644779057e-01
4.333710349325068378e-01
4.274559021568138384e-01
4.363534723957706030e-01
4.311943142851112354e-01
4.318255188064967776e-01
4.241470336439245870e-01
4.209393539988512956e-01
4.241021438962042645e-01
4.169027141415210247e-01
4.198834244644779057e-01
4.222614153872442655e-01
4.220289279470146315e-01
4.188110333864353274e-01
4.258655919592088113e-01
4.284595607197130285e-01
4.254504087429298309e-01
4.247016163234701436e-01
4.284595607197130285e-01
4.182152047941870565e-01
4.179059682464231207e-01
4.237965177566159758e-01
4.173795334686678515e-01
4.155862646456962572e-01
4.194989792367201931e-01
4.256638082693776637e-01
4.203617984441394562e-01
4.208464453398048644e-01
4.217930038800798975e-01
4.203398410434457944e-01
4.185850080212928370e-01
4.224825749301710509e-01
4.178056507653797880e-01
4.227216550143303442e-01
4.275286354078757789e-01
4.220289279470146315e-01
4.274665310919240069e-01
4.286482834258529273e-01
4.274489238938583568e-01
4.351066597539409164e-01
4.330372786865279711e-01
4.306438869201695274e-01
4.370176943107620948e-01
4.348545735197838491e-01
4.423329614184944303e-01
4.443351546931820772e-01
4.453398054277974971e-01
4.409886732826314715e-01
4.545089358075603547e-01
4.494142751813838821e-01
4.431971340120172131e-01
4.450124422256935830e-01
4.443811335718720334e-01
4.457556147939498725e-01
4.442495118542582055e-01
4.388192583871198815e-01
4.360416495393489855e-01
4.377797827164863209e-01
4.415252447555045867e-01
4.380238315146542938e-01
4.332771478214045846e-01
4.328362070325121325e-01
4.310211814163064092e-01
4.379714082653913820e-01
4.342949130957589610e-01
4.328187339117955945e-01
4.309932011356665260e-01
4.340489007313899084e-01
4.337368175215275956e-01
4.224074740987083798e-01
4.336562599990658740e-01
4.268551754697197387e-01
4.290474544286866365e-01
4.312374030793196811e-01
4.335923255049234371e-01
4.296479818558528452e-01
4.418510772853163626e-01
4.387080715728229885e-01
4.424013049692214761e-01
4.335923255049234371e-01
4.441212950924202651e-01
4.375206321274529575e-01
4.355617610755051494e-01
4.449906196440611694e-01
4.392661674325951671e-01
4.425796743123979748e-01
4.439962367978212976e-01
4.351750489031416258e-01
4.481694908228971430e-01
4.487087241659724057e-01
4.468028937485659657e-01
4.441840903867466661e-01
4.441273944268518958e-01
4.445843505313039623e-01
4.413967858098820640e-01
4.396675819576542077e-01
4.446306364163892244e-01
4.383105929819438584e-01
4.403364574009804855e-01
4.375996092986821351e-01
4.289071579833302339e-01
4.288851996521418908e-01
4.390525435242527141e-01
4.344219205021766506e-01
4.343375829247329012e-01
4.338528391293161590e-01
4.401634435512369325e-01
4.312497605616302243e-01
4.403317280846290593e-01
4.343265481672269335e-01
4.404223738253236764e-01
4.512689245569260210e-01
4.500166483343144286e-01
4.526763240589768422e-01
4.469213173816561913e-01
4.432761342463432674e-01
4.424611391459588594e-01
4.504250865360607259e-01
4.503566388454328662e-01
4.548046910356619010e-01
4.487689382140065408e-01
4.511964641721509794e-01
4.420771964623431138e-01
4.462819435734852735e-01
4.411835856668837597e-01
4.325535198420812355e-01
4.364189697051991113e-01
4.404501247755125970e-01
4.367359400482240250e-01
4.474001433043168774e-01
4.426138332837364908e-01
4.539192797582811689e-01
4.471958181266855181e-01
4.463321955541387220e-01
4.498477363124249173e-01
4.449410704173399900e-01
4.512762068830759032e-01
4.571190530898749937e-01
4.572231649263532871e-01
4.535125571997276062e-01
4.510114795989642600e-01
4.500066472203992918e-01
4.527789783277388347e-01
4.520147276654272739e-01
4.549356781672092565e-01
4.656453775400708484e-01
4.507348867480123200e-01
4.497061993911152245e-01
4.520419094639370750e-01
4.539691699912576928e-01
4.485327670570863345e-01
4.619689146566906546e-01
4.541738185010602002e-01
4.584716736237725021e-01
4.599933102362554482e-01
4.575236969635093631e-01
4.617919518247839417e-01
4.546393363191369996e-01
4.524407939294345926e-01
4.575236969635093631e-01
4.579984820792367683e-01
4.498932246403117841e-01
4.469675666794878932e-01
4.483390905973043683e-01
4.330671738272234839e-01
4.328027376907507273e-01
4.298968411853699712e-01
4.164142982291372252e-01
4.168678557077906133e-01
4.182629908123490781e-01
4.154655346887712319e-01
4.039249154146041798e-01
4.639828443535763958e-01
4.154641520600754756e-01
4.150917233123530004e-01
4.150423917769293647e-01
4.526571129355354550e-01
4.550350487474534855e-01
4.175996617875453731e-01
4.079321047690755986e-01
4.206669301925181070e-01
4.029916535965963886e-01
4.162313308127288947e-01
4.299467596461675756e-01
5.260933311683335667e-01
5.279697230742277370e-01
5.010957308306116520e-01
4.911687639710167197e-01
4.897771816999266781e-01
4.959023828690457547e-01
4.891897137129961326e-01
5.266239881172648518e-01
5.243403217596984689e-01
4.941472380972015133e-01
5.194132295418598666e-01
5.224156351355373484e-01
5.155694621364617092e-01
5.200092994606320129e-01
5.153327334741986121e-01
4.809009283427632120e-01
5.173038188636118750e-01
4.408576496366801711e-01
4.489535933877044638e-01
4.377237080484516207e-01
4.335665258380388964e-01
4.141273876732893822e-01
4.041830315506854676e-01
4.077443284033910320e-01
4.133031857698896694e-01
4.117396090461145075e-01
4.036976970741184001e-01
3.894123693939774977e-01
3.937292862424993656e-01
3.915938551236418652e-01
3.995930704022189195e-01
3.986650281388394168e-01
4.104211699789575007e-01
3.960474140026415402e-01
4.069030651924571140e-01
3.986948930860455542e-01
3.917778227456595319e-01
4.103781006078636162e-01
4.011664033500289550e-01
4.151417747430420357e-01
4.268663424171307286e-01
4.161972206685297104e-01
4.190113391067293858e-01
4.308180829391007327e-01
4.273325265627656577e-01
4.213222177340143482e-01
4.236488225564679633e-01
4.181199601436914604e-01
4.241401514566183195e-01
4.330628357657720917e-01
4.339130821834475960e-01
4.334620086742588807e-01
4.334417992203787318e-01
4.304965196647865255e-01
4.249502785099442681e-01
4.243232157762811818e-01
4.222813844205592915e-01
4.197885087601148646e-01
4.270176319064015180e-01
4.372532835966207454e-01
4.237872445468520155e-01
4.375192005603159018e-01
4.356800057989174135e-01
4.273374788274805214e-01
4.211548951893122616e-01
4.342863335334624653e-01
4.304253785404458243e-01
4.276891863285893214e-01
4.368931168606200455e-01
4.265387101665047975e-01
4.298774153592228586e-01
4.340970838872442172e-01
4.364544589044411227e-01
4.393262693729510504e-01
4.247882110315018833e-01
4.487780238465176597e-01
4.430954429993951837e-01
4.474485358325126505e-01
4.492993317636591044e-01
4.431571195306731603e-01
4.361646785531521076e-01
4.289063131773723780e-01
4.339882424597594213e-01
4.359369303939145679e-01
4.303953796956832001e-01
4.244552233663733132e-01
4.357556223245661053e-01
4.356150543325626456e-01
4.392348770919115575e-01
4.267781668045250720e-01
4.233893096520968680e-01
4.176247648569157978e-01
4.203157847913263634e-01
4.286431845550393582e-01
4.357823051488047827e-01
4.428376680903638452e-01
4.355309218456363540e-01
4.478207829900046066e-01
4.467549950648843637e-01
4.564337264805300443e-01
4.604965941401851781e-01
4.516257364558486920e-01
4.410322650099430808e-01
4.515634948795570480e-01
4.573135065230540253e-01
4.423048601140323610e-01
4.563691673551643069e-01
4.693994854538345862e-01
4.766365369593915657e-01
4.778372845657096191e-01
4.801357591017100246e-01
4.783115967169694338e-01
4.843090156482369180e-01
4.829893703647569758e-01
4.817033611943909444e-01
4.908126176053072554e-01
4.913009973032048672e-01
4.870883029011612297e-01
4.929046887804062749e-01
4.733726464698566616e-01
4.671223148736809438e-01
4.572879639128550888e-01
4.757453370125305225e-01
4.698325647680190453e-01
4.696593748113876421e-01
