2.271023041950960275e-01
2.911703312155589085e-01
2.410256419523496563e-01
2.045454555498162907e-01
1.997030447912607753e-01
2.926583562616064116e-01
2.160080807776693090e-01
1.680426109613279984e-01
2.444221618896688097e-01
2.447552456354833428e-01
2.727272735496073519e-01
3.920658373158198984e-01
4.126527683961663806e-01
4.777964598182212752e-01
5.433062780814689186e-01
5.100020627861393541e-01
5.387380196298541257e-01
5.304365242987219009e-01
5.513253016372767767e-01
5.217558726205662190e-01
5.260813624407786326e-01
4.504376150514577404e-01
4.309449642461630203e-01
4.279231749388737738e-01
4.328962803188398656e-01
4.014598546570847803e-01
3.534579867611421511e-01
3.216203034143236827e-01
2.634664721345224558e-01
1.771019688511347168e-01
1.083202523439033005e-01
2.120776429282558162e-01
3.067512468206261556e-01
2.811123994425116512e-01
2.442748100478275841e-01
2.194712555397909659e-01
1.575625689253943307e-01
1.533462556682860800e-01
2.075215233263235648e-01
1.658767782394824364e-01
2.600647856778519618e-01
2.744812122552089395e-01
2.225988709349164818e-01
3.360530348433931058e-01
3.051911017624744371e-01
2.538071073565409952e-01
2.203687453683398356e-01
2.509047053668218563e-01
2.553945257591040408e-01
3.122467364787857580e-01
2.391304356577749202e-01
2.365038570224885506e-01
2.641839549310373014e-01
1.971010751946407069e-01
3.849064542937707945e-01
3.780740066903309771e-01
4.249201284079657803e-01
3.072026808406446152e-01
3.407364122259071149e-01
3.230333628917476663e-01
3.590012841453724679e-01
3.245778620080326249e-01
3.851726643501899305e-01
3.241396455160396872e-01
3.172987983120142408e-01
4.053923935900428654e-01
3.998568538711000375e-01
4.304087199668569230e-01
3.976041079319976301e-01
3.921246930831774336e-01
3.499878736963523140e-01
3.333333341304001163e-01
2.497376714982454393e-01
2.025911352691589506e-01
1.863093736521344024e-01
1.667933141251350948e-01
1.640260960344522845e-01
2.420989871889099865e-01
2.241133072790844061e-01
1.801068749330739793e-01
1.764502771910102519e-01
3.141320191481205004e-01
1.232671423463629345e-01
2.991055026355771140e-01
1.724091531999876192e-01
2.045515049180841594e-01
2.557041709209229019e-01
3.305024777889803422e-01
3.036963045658137572e-01
5.134973607794627304e-01
4.603668352886765014e-01
4.693597727356187965e-01
5.521918620481699458e-01
5.762630624328797246e-01
6.057858820354631302e-01
6.043977622416827344e-01
6.195502075167190759e-01
6.126598201502202468e-01
5.980616927906818869e-01
5.628448808881617582e-01
5.297650975761395431e-01
4.879172760616867777e-01
4.291725111861003361e-01
4.703467159325425140e-01
4.761959927299942441e-01
4.159099171619931035e-01
3.521237259306021494e-01
3.556736776569520142e-01
2.709646155223405239e-01
2.700987314643878978e-01
2.380783348265550492e-01
2.206366638631869215e-01
2.343750008424571041e-01
2.619718318521456757e-01
1.818081959993318453e-01
2.438458999405608285e-01
2.380082238030970521e-01
2.458100567257894831e-01
2.309006599574070506e-01
2.410774419292059934e-01
2.055649470737680451e-01
2.686660819818470491e-01
2.828780822346727009e-01
2.003720446447354586e-01
2.327044035424803425e-01
1.868190284522733835e-01
1.780312750858352722e-01
1.731656196042409279e-01
1.232725274692197948e-01
2.622401083001474342e-01
1.886269080965490286e-01
3.390313398159646718e-01
3.901560630350578984e-01
4.521722566195005566e-01
5.112612616543907862e-01
5.995762714894247170e-01
5.706235916073452152e-01
6.101670300579760120e-01
6.184507044940488196e-01
6.317352569426282205e-01
5.899672849218704496e-01
5.246326710424713546e-01
5.679684421554489493e-01
4.809670334233256961e-01
4.382043065156167039e-01
4.005847959058627117e-01
3.740295037130925149e-01
3.647403691742667764e-01
3.806235620625407767e-01
3.903743321329503635e-01
