5.843822933801924302e-01
5.435744196544765039e-01
5.068012629093812116e-01
4.842136324413861548e-01
4.215425533116808898e-01
3.936686240758938693e-01
3.849377594637058975e-01
3.769032228986045618e-01
4.075738127210636330e-01
4.219205112698674043e-01
3.884093428294845829e-01
3.444265219151824153e-01
3.744130985644662513e-01
5.980216674990553871e-01
5.880455710989238582e-01
5.864533696913429850e-01
6.005917160257741028e-01
5.896291209313149206e-01
5.968286100368835889e-01
6.033418925122521204e-01
6.030013126510751498e-01
6.075199494443948023e-01
6.097214744224238592e-01
6.347019719976870755e-01
6.351683379114185790e-01
6.392833937112127884e-01
1.000000000000000000e+00
6.393787895288396417e-01
6.053361053816890269e-01
6.067772926222093632e-01
5.822882402031441806e-01
6.018719237456489068e-01
5.902801884961219603e-01
6.087950748040111826e-01
6.481559804127732249e-01
6.230535895266764435e-01
6.090571974867267091e-01
5.727606669125310246e-01
5.728155340370100213e-01
4.508386514841892234e-01
4.508243000130186529e-01
5.876418663834519496e-01
5.601931978855312355e-01
5.698057991284952717e-01
5.793600654577328868e-01
5.707296723843636732e-01
4.614799986168612866e-01
4.377292478908773043e-01
6.062355377412940172e-01
4.392082193979911509e-01
4.561795942494045741e-01
4.732945315029318811e-01
4.842868655376585396e-01
4.737235834271089630e-01
4.811771054909772527e-01
4.860534883330028810e-01
4.505612894678932001e-01
4.612734749502670484e-01
4.470760167373226679e-01
4.558954421099228327e-01
4.631197099192820854e-01
4.541358224621510065e-01
4.465014975391365937e-01
4.473381588204158321e-01
4.552324148585706887e-01
4.471493780884387981e-01
4.439660912866792986e-01
4.392344081618306806e-01
4.410545024879285458e-01
4.478338572650862881e-01
4.213110573861091890e-01
4.181600701843005696e-01
4.157946232312841328e-01
4.516012726507738773e-01
4.405275009240855466e-01
4.334422868607656909e-01
4.507165541383607588e-01
4.108835799496727281e-01
4.609286524326308143e-01
4.554931017975487606e-01
4.531444197006495589e-01
5.232440729586728123e-01
5.167615687872399999e-01
5.211827662342303213e-01
5.062827115236829822e-01
4.886353760346294761e-01
4.739346111670947881e-01
4.836181856192173223e-01
5.137143869417549746e-01
5.575604321195011259e-01
5.740154007431588212e-01
5.791048302210162202e-01
5.773304498091775816e-01
5.677407610471980615e-01
6.292792950957654119e-01
6.244546021842831696e-01
6.204833029577871972e-01
6.080528097926927167e-01
6.074975755597269433e-01
5.878172589579737650e-01
5.754964800575292916e-01
5.902873006471307527e-01
5.928428635827245330e-01
5.986371146065121440e-01
6.066710878413652530e-01
6.061035944875954318e-01
5.669475656275462239e-01
5.558100052205532382e-01
5.436849253994640030e-01
5.270939155890859151e-01
4.631078026142321225e-01
4.461725155535867238e-01
4.470712243519874285e-01
4.624883746350914038e-01
4.859066709766398651e-01
4.704757970061280714e-01
4.053150860902516861e-01
3.918940568719245787e-01
3.930312476642875419e-01
3.784316862896659472e-01
3.706883098250122188e-01
3.652213695508511604e-01
3.690091151207955944e-01
3.482415126681639439e-01
3.446761247678407081e-01
3.679092384048158193e-01
4.451933805677776856e-01
4.542977575151260217e-01
4.678895067487000015e-01
4.983446284860916231e-01
5.160780180339488155e-01
5.558785906370791174e-01
6.056713929213222158e-01
5.991958728899664521e-01
4.990118050587544207e-01
4.554182301215465856e-01
4.310122880541217283e-01
4.525678673660431528e-01
4.682274249079588779e-01
4.369870191987348385e-01
3.532526476994697351e-01
3.682236207138723794e-01
3.691200200542633647e-01
4.047265162292728036e-01
4.093855468448638346e-01
5.337068659877031163e-01
5.257108289064845730e-01
4.925700609622594150e-01
5.272975314092669397e-01
7.005282406286752472e-01
3.972653364753432337e-01
5.419368904185686286e-01
3.741202967144848790e-01
3.824009033547413061e-01
3.917603906412343573e-01
4.478105742952285251e-01
5.243229845930709176e-01
5.375289045879854122e-01
5.633270322631011018e-01
4.756097562384201671e-01
4.494546639943961530e-01
4.657282584765368716e-01
5.131732118135621246e-01
5.184098726688222136e-01
5.148791949277533586e-01
5.040973632172827124e-01
4.863396839653183479e-01
4.660850601237500612e-01
4.389367034974026582e-01
3.981045164933275649e-01
4.015499872380393631e-01
4.105909636832417720e-01
3.672545895595067389e-01
3.285083042997338776e-01
3.540531418830947796e-01
3.511235956669177538e-01
3.638241791066885167e-01
3.663071247596019209e-01
3.953824280856299556e-01
3.945027222160619740e-01
3.778777516519664648e-01
3.518473800164581000e-01
3.678917025962229470e-01
3.293598235846137978e-01
3.429521470744681944e-01
3.570377186884275966e-01
3.895740834107633832e-01
3.959519080605018448e-01
4.392010537315937935e-01
5.278284672968891478e-01
4.092122832412509181e-01
4.803329866269264725e-01
5.051546393154088266e-01
4.921921565466110815e-01
4.553222001447967404e-01
4.166835863280785590e-01
4.852941177764469316e-01
5.040211231277503812e-01
4.952558535934535877e-01
4.837783036055187669e-01
4.711055597973169418e-01
4.844460616220676030e-01
4.563717587543624221e-01
4.493375631249600932e-01
4.814902332804321672e-01
4.787562176678367143e-01
5.252425263667046540e-01
5.354679528022576740e-01
4.049163850848590540e-01
3.464942139626910889e-01
3.293571904038129494e-01
3.611426718516010936e-01
3.161426382553225167e-01
4.225521876641145091e-01
4.461391803069739703e-01
4.467099878615662378e-01
5.321929967191053601e-01
5.392817940502068197e-01
4.186991871453122904e-01
4.349552118701763836e-01
4.001166441524935946e-01
4.459333953971252873e-01
5.796543063604976398e-01
5.120532571031165547e-01
4.568826996564688825e-01
4.463988151806811411e-01
3.529691213450611986e-01
3.863343362308166995e-01
4.733628082089541556e-01
4.332047549310649170e-01
4.707937625815936666e-01
4.411239619547404622e-01
4.386467891371333971e-01
4.266490356184793331e-01
4.487712012439373233e-01
4.230198907237767703e-01
4.324848173065035661e-01
4.733611979595362396e-01
5.208417645971019638e-01
3.582066156581888983e-01
6.806759014282983689e-01
6.640162722583793364e-01
6.354792504604545034e-01
5.849524250488453703e-01
5.495495496490130360e-01
5.041356781575645485e-01
4.761514994974449522e-01
4.488387015401414937e-01
4.850286534180925369e-01
5.023112129285329797e-01
5.304291979602185902e-01
5.248622468172631228e-01
5.492260062849895208e-01
5.620736970664239607e-01
5.937726690114442096e-01
5.933127816724772519e-01
6.422828672399722993e-01
6.196612876357299182e-01
4.747957030346782181e-01
4.617763485088519637e-01
4.324849608414360613e-01
5.062329756429312377e-01
4.915254238974674506e-01
4.273858923141818922e-01
4.123491840268456166e-01
4.445480930608941561e-01
4.151197762054963381e-01
4.001379788202352739e-01
3.995630918549314403e-01
3.948878458025081306e-01
3.848500256279104859e-01
4.082864452145655854e-01
4.274193550352026749e-01
4.308396948495878398e-01
4.189526186470647895e-01
4.029121471699690371e-01
4.387301182709604230e-01
4.451207975004349837e-01
4.610510624111532341e-01
4.389167995837162106e-01
4.295855835721177352e-01
4.140599521409968897e-01
3.952033369843578336e-01
3.551356172936590561e-01
3.160765303679115013e-01
3.165551516375927354e-01
4.472458486615923379e-01
4.555881040028827433e-01
4.456521740525231090e-01
4.445716277789903970e-01
3.871501817487850161e-01
4.192134238443946392e-01
4.354867506349341388e-01
4.124116262339849737e-01
4.350718066427131658e-01
4.136114788371834106e-01
4.360071302683965477e-01
4.414342030679102580e-01
4.258710454075902430e-01
4.486286579611735714e-01
5.075052504681099030e-01
4.896481831258993056e-01
4.585062763920946249e-01
4.520245786849366176e-01
4.665679744716092481e-01
4.716106606169446769e-01
4.694443020500168595e-01
4.783023607538166022e-01
4.811581114252702074e-01
4.460359409497791638e-01
5.044418522289031426e-01
4.783256161485619495e-01
4.496351445987488704e-01
4.387844503144548991e-01
4.124381515389941022e-01
3.758090276608083702e-01
3.776399599459046019e-01
3.670301187932747400e-01
5.316659944575173879e-01
5.088814534798496991e-01
4.674003323487910810e-01
4.817018411581271975e-01
4.549273797971606914e-01
4.779737718235191890e-01
4.904064370881401347e-01
5.159815364231010726e-01
5.350158419021051603e-01
5.382014161390253904e-01
4.999339266364343226e-01
4.755792822636122352e-01
4.044121506205309302e-01
3.816583685066734510e-01
3.625514527043882662e-01
3.836146058964055028e-01
4.235388312296870517e-01
4.201760366831117643e-01
4.490766493911790835e-01
5.423140496948490874e-01
5.683566962902208974e-01
5.855602438852414160e-01
5.988091667400223805e-01
5.999010648261799972e-01
5.814277747854211809e-01
5.001054631331227629e-01
5.092460883485866452e-01
4.909257683643694081e-01
4.629093265196070339e-01
3.991910951003289076e-01
3.274134960087280444e-01
3.971066043992248495e-01
4.282206212064296746e-01
4.251013492971683627e-01
5.668339790586409688e-01
6.018903877044852191e-01
5.982129956172118623e-01
5.948144029855845227e-01
4.952034404195517769e-01
4.756829288144807100e-01
4.755990466752982870e-01
4.809148389454597217e-01
5.457862554302357339e-01
5.387875675471904824e-01
5.231805575160004551e-01
5.755312892679509407e-01
5.286291866009318330e-01
5.296546978519975912e-01
5.694783449027989164e-01
5.399761857694722611e-01
4.983609437749924043e-01
5.016540450278443863e-01
4.808315484481706648e-01
4.931968208289918554e-01
4.839018935623813356e-01
5.096369000433185192e-01
5.178264873192282014e-01
5.091807016565327304e-01
4.692598228323822118e-01
4.539337475607677641e-01
4.465757318992397140e-01
4.149257337836839143e-01
4.181239091605292169e-01
4.231061182865930581e-01
4.439799332706781954e-01
4.359697853111219601e-01
5.235181186648625307e-01
5.381882771949639821e-01
5.351681958280010143e-01
5.403770901125632964e-01
4.945899407605978126e-01
5.000257985913973968e-01
4.962021821582096592e-01
5.116613243308110182e-01
5.059028559967666538e-01
4.908136484303354807e-01
4.786869699460754024e-01
4.877615629455225310e-01
4.935722264350040911e-01
4.923320995350213281e-01
5.073517928763802143e-01
5.242182171333777951e-01
4.956472163025136268e-01
5.096521002312999205e-01
5.008594758270608072e-01
4.946767812573122924e-01
4.821877438930858295e-01
4.713591585005663109e-01
4.590069413303602408e-01
4.337229546169603100e-01
4.152049484362987375e-01
4.143261335968702053e-01
4.077046550354771481e-01
4.083776969719862260e-01
3.894525292647637027e-01
3.914550782735706225e-01
4.000969463402577198e-01
3.935496397715073646e-01
4.005073014885959237e-01
4.041961037597954221e-01
4.094571574636362010e-01
4.153786266823800144e-01
4.086160989944207511e-01
4.103618050927410055e-01
4.109758899171123137e-01
4.281107824046754828e-01
4.219007055141864582e-01
4.366950923606215396e-01
4.305412545483858766e-01
4.311895432047687660e-01
4.378451508266217873e-01
4.355051438856271107e-01
4.382741855100494854e-01
4.384180792204679378e-01
4.632442815908756062e-01
4.810760224865441304e-01
4.960704114833779377e-01
4.384006405803236861e-01
4.354656675916515063e-01
4.478906820353891760e-01
4.646533045628716829e-01
4.085128230442413022e-01
3.867326541063113021e-01
3.915087264610920270e-01
4.187697162411225804e-01
4.247609202830807673e-01
4.211351522365592848e-01
4.603174604588199381e-01
4.582499738185085159e-01
4.892613666796705729e-01
4.801021060676191610e-01
4.161165492214555783e-01
3.762772103267508772e-01
4.048533874604470784e-01
3.536458335577619128e-01
4.781014465002710878e-01
3.717566994995900043e-01
3.292108778971221117e-01
4.951329091803529092e-01
5.951212029264802972e-01
4.875502009404150128e-01
5.019932537304525599e-01
6.189488244308555265e-01
6.088869961175262802e-01
4.934497817887459892e-01
4.819819821160863382e-01
4.158346472190592724e-01
4.476190477715338289e-01
4.415874792119782732e-01
3.974136269068346827e-01
4.369984225814532719e-01
4.605288556068555250e-01
5.282580353924783978e-01
5.327974739391998504e-01
4.980177406525718720e-01
5.305337395067228901e-01
5.739158117457414665e-01
5.829013653639723014e-01
5.933868187265035621e-01
5.841425130602462268e-01
5.334394088350256080e-01
5.228515970851668193e-01
4.863718959559761856e-01
4.432819838418096126e-01
4.118162438562494865e-01
3.656558210078790783e-01
4.292160982490730303e-01
4.063636092280252798e-01
4.216677489961760950e-01
4.365307296276477178e-01
4.542943462942614641e-01
4.157135317567853816e-01
3.984375001780192660e-01
5.390835580624077084e-01
5.340961544265248051e-01
5.317007393552215522e-01
5.016987543695655694e-01
4.695262421200104841e-01
4.602960284665386093e-01
4.373749501300854270e-01
4.367489100721182460e-01
4.095466977681427867e-01
3.469171575702036936e-01
4.982261956866110841e-01
5.168844393017466565e-01
5.327983448348064810e-01
5.130797854082769227e-01
5.022308276504108271e-01
4.584877483659252073e-01
4.276178919823111491e-01
4.163978653989801604e-01
3.756518613631686376e-01
4.593753191131532132e-01
4.380103166391015046e-01
4.598401219490318992e-01
4.695733387068489195e-01
4.583354740667003879e-01
4.099673688924335702e-01
4.092299775800675166e-01
3.881283894509370835e-01
3.719293165202985918e-01
4.319403504329402121e-01
4.289245289922409832e-01
4.166292540131606437e-01
4.375527427855477880e-01
4.304801671844676880e-01
4.820602776053632965e-01
5.237573900874006316e-01
4.705882354182878702e-01
5.747877205283162816e-01
5.606782093282305368e-01
6.053227423619533809e-01
6.060339217416375046e-01
6.243550052291841901e-01
6.222065307310814530e-01
5.791500074931459352e-01
5.221217888862698109e-01
5.640375462511594273e-01
5.541279879021194787e-01
5.533973904296564106e-01
5.569045457777103136e-01
5.653722752747540881e-01
5.532067360512855636e-01
5.241382891600554483e-01
5.003381171887850698e-01
4.975217912694969158e-01
4.971926429096823474e-01
4.788781164723788786e-01
4.642020308606608081e-01
4.316705151072141033e-01
3.996490916823834949e-01
3.941663145738975027e-01
4.682561088871417532e-01
5.033428845712279998e-01
5.065347328891427470e-01
4.953454190577440963e-01
4.788278305423795400e-01
4.504121751901039028e-01
4.185310736340497328e-01
4.326508450401983508e-01
4.347692498510510317e-01
7.595766129465048033e-01
7.073474713817944348e-01
6.684409411099831999e-01
6.192076629796228193e-01
5.860454895976165979e-01
5.728697418579892231e-01
5.623284389433296226e-01
5.511816326163831992e-01
5.327771157209184594e-01
5.013868614351857378e-01
4.851029052467734637e-01
5.226378657886565637e-01
5.350644220603910650e-01
5.869786369194125442e-01
6.035694271665368316e-01
6.583224116080554911e-01
7.057033063756604774e-01
7.258126195527975222e-01
6.809737348705493520e-01
5.309007068490549930e-01
5.374858660986465697e-01
5.162432482577615778e-01
4.829230399713581035e-01
5.193607262074284581e-01
5.146493046476647848e-01
4.943679600817773023e-01
4.973018286013251021e-01
4.731369152184677906e-01
4.479793638676450307e-01
4.837137100376617260e-01
4.873133247825682801e-01
4.595323215555493501e-01
5.708279809731321430e-01
5.409826172317170334e-01
5.244950514956113752e-01
4.976635515485796635e-01
5.445856556214945243e-01
5.571758289033844624e-01
5.456056886777149728e-01
5.406926065085209121e-01
5.003810354633986268e-01
