2.708515541563550899e-01
2.590696335592425070e-01
2.888982660971447514e-01
2.470637736307152998e-01
3.966481242508165250e-01
3.732269893641293468e-01
4.349060249473174489e-01
4.396643823847854460e-01
4.961809454965847577e-01
4.742596213881120626e-01
2.669665229455323585e-01
2.212991174987405385e-01
5.600440413999194789e-01
5.920699134734361824e-01
5.457371804575052998e-01
5.710259104516788309e-01
5.694943507734215871e-01
5.881870721137374414e-01
6.446719828718263656e-01
5.824494789852072696e-01
5.747238640790097719e-01
5.811175625964101199e-01
5.449212710361109879e-01
5.872451531979743233e-01
4.683852919353508337e-01
4.645970003027281026e-01
3.335045626379778971e-01
3.315871175971412121e-01
2.716113306083631773e-01
2.750956064777564380e-01
3.921584774098042514e-01
3.712363838383155867e-01
4.212855519700229312e-01
3.729955247974017229e-01
5.321839412999717078e-01
5.210626845903483240e-01
5.779328310466337326e-01
6.180124003978098024e-01
5.602293528125433797e-01
5.715453690376591789e-01
6.265185760114979630e-01
5.957291849264445549e-01
6.297557188947475737e-01
6.076007327525454471e-01
7.959596753187823115e-01
8.079356511472443048e-01
7.266366645775084177e-01
6.764448048840183692e-01
7.046000764743707290e-01
7.265399314354278326e-01
7.376979003352879261e-01
7.567448509442149529e-01
6.497064938081551499e-01
6.542004696284662302e-01
6.809179165572840642e-01
6.636271518510437062e-01
5.408264002446439012e-01
5.504162279917468314e-01
5.415628944381115639e-01
5.405678396363821081e-01
4.956783348047937299e-01
4.555227619403343642e-01
4.813933956957670013e-01
4.667520899222813435e-01
4.804394670593891137e-01
4.579953445659551425e-01
4.749810520746315934e-01
4.242209560913630106e-01
5.220392232009083422e-01
5.171641335234677950e-01
4.691019061151169289e-01
4.588005358323649086e-01
4.105169328265655393e-01
4.229546375732005092e-01
4.023404847393641237e-01
3.951022378857572681e-01
5.298016844872126541e-01
4.943697127573167815e-01
6.071640282553418810e-01
5.960517737827918383e-01
6.279921213353337750e-01
6.487843625321318974e-01
5.028245613909017031e-01
5.019987103347537394e-01
5.811488288740340735e-01
5.883397642507912639e-01
4.509012977614156314e-01
4.540649757509934714e-01
6.493109347137910881e-01
6.397694494519206021e-01
6.225064233860977403e-01
5.705776064812719817e-01
4.516750221852215974e-01
5.897319691080349369e-01
3.651203780655986053e-01
3.850799441504078047e-01
3.822468116679905714e-01
3.536953822828688976e-01
5.051662538607154529e-01
5.764125182824908489e-01
7.061118983121277282e-01
7.590018790339735366e-01
7.857500205568185292e-01
8.554487108195407696e-01
7.202828072781316537e-01
8.772240959385895209e-01
8.934369428594496343e-01
1.000000000000000000e+00
3.307061833954245689e-01
3.146961612600883695e-01
5.437860315426722435e-01
3.767870676487200532e-01
4.430443227175032694e-01
4.341459752116763049e-01
4.934040348769249684e-01
5.579167020676498723e-01
7.062555604701925560e-01
7.449992860110195014e-01
7.975141261480875876e-01
8.800100783738850074e-01
6.109077504733895214e-01
6.147225944429636213e-01
1.000000000000000000e+00
1.000000000000000000e+00
8.666688803752212733e-01
1.000000000000000000e+00
7.190465266571869352e-01
7.930648673005096239e-01
7.527783980209308279e-01
6.624897359879651226e-01
1.000000000000000000e+00
1.000000000000000000e+00
1.000000000000000000e+00
6.674035839004069937e-01
6.787481237023864633e-01
1.000000000000000000e+00
5.838298847081622167e-01
1.000000000000000000e+00
7.397432341708541914e-01
6.797158755577068501e-01
6.074944804861073244e-01
6.212956138053288280e-01
6.622251866282338195e-01
5.510523664822306600e-01
6.224155845577721280e-01
6.402362459483159629e-01
5.481221511954141867e-01
5.569598846753585075e-01
4.910492365566400119e-01
5.623395399715630516e-01
6.997953913123761138e-01
6.740017108129103818e-01
7.153290071941561523e-01
7.259922694064152582e-01
6.891860432681932158e-01
6.605048210002351095e-01
6.466334076817117360e-01
6.051264746560953700e-01
5.683936444661688014e-01
5.728972851745124384e-01
5.773893042832396461e-01
6.353750603017986887e-01
6.194853610080540696e-01
5.890512638412397362e-01
6.067343346951250549e-01
6.244379262532132602e-01
5.563340612133481633e-01
5.987388968410547463e-01
5.808401321079265101e-01
5.922200056069220064e-01
5.377301252115893604e-01
4.041841277717187486e-01
4.483925144989437950e-01
4.828247339552870221e-01
4.323764725993739511e-01
4.182309650912768850e-01
4.795420231249915011e-01
4.093557089098966983e-01
3.415883566354750434e-01
3.001512560014193420e-01
3.008932159387318617e-01
2.833849240603524278e-01
3.178328543182904475e-01
3.423453690589396414e-01
4.710194130666033319e-01
6.000430750099907673e-01
5.941767943460473100e-01
6.521186533490159754e-01
7.037629171544839135e-01
5.876765205857853447e-01
7.068901012970904008e-01
7.399543627285329883e-01
7.580076370901102090e-01
7.563681915733121430e-01
7.553291939833485236e-01
7.547980857989894377e-01
7.299599438604532642e-01
6.324540607627813227e-01
6.344910793630152979e-01
5.874081696568458355e-01
5.531205155188104738e-01
6.313463448352841789e-01
5.163202571438527677e-01
5.088461702786462038e-01
5.396082868891065587e-01
4.562148025175549737e-01
8.852795528584533891e-01
8.795773631579573149e-01
7.818465814268544811e-01
1.000000000000000000e+00
1.000000000000000000e+00
8.844276262448376169e-01
8.322912680709079192e-01
8.261144364680116370e-01
8.261513523974249873e-01
7.923424962265643856e-01
7.616320877613770302e-01
6.982391275711004042e-01
7.246967283559866413e-01
7.344061104551997676e-01
6.561571940370692912e-01
6.767917928232998204e-01
7.341651783387875829e-01
7.438248170656447389e-01
6.860290400098079111e-01
7.115062341244164923e-01
7.369071584869499869e-01
6.865382008953191395e-01
7.455106990129622968e-01
6.891112974711938177e-01
8.197486320566407247e-01
8.669483339601294913e-01
8.779934959526669580e-01
1.000000000000000000e+00
8.774602329544896051e-01
8.463397981147766647e-01
7.967018933753218235e-01
8.354009238796784587e-01
8.480690736244177463e-01
8.932858543904120818e-01
8.447468339118133773e-01
8.323144753046382016e-01
8.355558070667207238e-01
7.837312971380308024e-01
8.776543507511110898e-01
7.358701956281645806e-01
8.270510127045662685e-01
8.566342471482951693e-01
8.873790175291194071e-01
1.000000000000000000e+00
1.000000000000000000e+00
1.000000000000000000e+00
1.000000000000000000e+00
1.000000000000000000e+00
1.000000000000000000e+00
8.886350831255522831e-01
8.818009857005890684e-01
1.000000000000000000e+00
8.422482229558413414e-01
8.154697965272635907e-01
8.922392044728472138e-01
8.815584680697541309e-01
7.706289352972270912e-01
8.094697158393407976e-01
7.168964625299767413e-01
6.860591481122432223e-01
7.463405218892198434e-01
7.419247547193821291e-01
7.268797940719979866e-01
6.960438353602669270e-01
7.358164451477865464e-01
7.347024072526417982e-01
7.897380706073573453e-01
7.578772400150162181e-01
6.561697325322193297e-01
6.115965128690101782e-01
6.947879099667761960e-01
6.691703019171444389e-01
5.777310892454377012e-01
5.766154501885953909e-01
5.322567144420813356e-01
5.185393814743868290e-01
4.643076258307493598e-01
5.463047285229591932e-01
5.253417025321243106e-01
3.693068988083848536e-01
6.611441756990831253e-01
6.578208658149440335e-01
7.317815562063598733e-01
7.420240434202189928e-01
7.957200371207244771e-01
8.435162979608379352e-01
8.352367363547905654e-01
8.578733149230345356e-01
8.278928857352404469e-01
7.858444166316467250e-01
7.693872751057835302e-01
7.799964407537560707e-01
7.813195954090567108e-01
6.101830520698380278e-01
4.988051943000644251e-01
5.554244368398646436e-01
5.181539385654487795e-01
5.275523751470391209e-01
4.453659034606375355e-01
5.354325380729504369e-01
5.370397564159683501e-01
4.185530742310226149e-01
5.347325926364023818e-01
4.406372012755317424e-01
4.124979894245122125e-01
4.362774105656131995e-01
4.534480363283902582e-01
4.406961194214579214e-01
6.384595822223617656e-01
4.886960310995295265e-01
4.870083394720883252e-01
5.183877322077407035e-01
3.888494453020748809e-01
4.658435643560262518e-01
5.022256058802259115e-01
4.993247086279476443e-01
4.258376004847141960e-01
4.464091362820582498e-01
4.029831329334235823e-01
5.250961025744941280e-01
3.785791846681662021e-01
3.928558189041252424e-01
4.005950703970720950e-01
4.001287376430612275e-01
4.558793733919683788e-01
3.297912474065077815e-01
3.967539816042404688e-01
5.718109265272912634e-01
6.045201104521178426e-01
5.728573446360111232e-01
6.962846481648327090e-01
7.216449161671603107e-01
7.583799937613451281e-01
7.569500867746983275e-01
8.397438004381296839e-01
8.339224440603179023e-01
7.643686715514959040e-01
8.230011023687727745e-01
8.360755451506092228e-01
7.812991577598630277e-01
7.385780041443019694e-01
7.344237588480757584e-01
7.142130052823246755e-01
6.422596750889998374e-01
7.496070680821858012e-01
7.157437550914543811e-01
7.397563808823957032e-01
7.457627710343378569e-01
7.608745277427626519e-01
7.508142967907270870e-01
4.784761149051079965e-01
7.100100776507778377e-01
5.239256883057162861e-01
5.523899695586560465e-01
4.804311223508259676e-01
4.605280447508801611e-01
4.783942133536686070e-01
4.698706339797052989e-01
2.986809131762552250e-01
4.042082894619013489e-01
3.523363681619399168e-01
4.231777700272651987e-01
4.616730699154945050e-01
4.802790783335205704e-01
4.817276365430306351e-01
4.743977692945968716e-01
5.080837594995957218e-01
4.867350453836423174e-01
4.903028610687155675e-01
4.910729117644820896e-01
5.298201599916094739e-01
4.108853513910106781e-01
5.424818847630185070e-01
5.055481688601128898e-01
5.215900424022343884e-01
1.000000000000000000e+00
6.043756955287401533e-01
5.463012206701980400e-01
6.687650077466659182e-01
5.282169459683389023e-01
5.583005501247575442e-01
6.030987133193068672e-01
1.000000000000000000e+00
6.533608396735027801e-01
1.000000000000000000e+00
1.000000000000000000e+00
1.000000000000000000e+00
1.000000000000000000e+00
6.964450206871548588e-01
1.000000000000000000e+00
5.949328727243500259e-01
1.000000000000000000e+00
1.000000000000000000e+00
6.678441130642800427e-01
7.079710799080525252e-01
7.049054624447501638e-01
7.216361231103285423e-01
6.811911354748216851e-01
6.215522181807762170e-01
7.005068552331126241e-01
6.637799420991660204e-01
6.569321718351674999e-01
6.112395019936309737e-01
6.482541749368437856e-01
5.915253948801617589e-01
5.468507947117240420e-01
5.625990889184990795e-01
5.735857720852090003e-01
5.521973854890724898e-01
5.049736199895620281e-01
5.007355722444025714e-01
5.623442512909598845e-01
4.302123187419303330e-01
4.323167068068811680e-01
4.421694749022520021e-01
4.611230404081965162e-01
4.460373837597775282e-01
3.888533463661169032e-01
5.990837707732379336e-01
5.698548375080978445e-01
5.253080989895135833e-01
5.266977905725288567e-01
5.158657307201568454e-01
4.723643520541005447e-01
4.465230349068787241e-01
4.320654607682018478e-01
3.609140438993995170e-01
2.894865281698325576e-01
2.745868927000881810e-01
3.357048782826445033e-01
3.288996987373493663e-01
3.472014405234761236e-01
4.899495138547571571e-01
3.383040514517202668e-01
3.744245976168827372e-01
4.908622486737284074e-01
4.699704770910225760e-01
4.913862072862940078e-01
3.306829122950586397e-01
4.795567201255740430e-01
3.673454193441492155e-01
4.601227553051112640e-01
3.539576950622700391e-01
3.073859787453950831e-01
3.538784663434896283e-01
1.248922743165146176e-01
4.637241263809070979e-01
4.323698693746432786e-01
2.808883887058336581e-01
2.420323686506632432e-01
1.182613258690957680e-01
4.563623272297161471e-01
6.756856143942182591e-01
7.198013001337117966e-01
8.040040717325406261e-01
7.755174070164909672e-01
7.086393870882046198e-01
6.942193838500223535e-01
5.090182492828601024e-01
4.762406708378191800e-01
3.451362637841383085e-01
2.999318057280022654e-01
2.977372869104013553e-01
3.063648998924690670e-01
2.196964160415035838e-01
2.527950851585498704e-01
2.957689962839091802e-01
3.081481607522283950e-01
2.276249834987738030e-01
2.383667994930287470e-01
1.248605135099070118e-01
2.201855866106124937e-01
1.570486193866929003e-01
1.421533311573082159e-01
3.697206208912392489e-01
5.852647358017966095e-01
7.038112325962465610e-01
8.586993817420205399e-01
8.242297442894319648e-01
7.434227126680361675e-01
7.906555384700006961e-01
8.686156736895171981e-01
8.665454875273042035e-01
6.584094068721680904e-01
7.281091868190594507e-01
6.363411634843321174e-01
6.739785069868838852e-01
5.355660407535745016e-01
5.929230860611860443e-01
5.478510784335333117e-01
5.437122966109582123e-01
5.928258799794439149e-01
6.201547801899998102e-01
6.710187306213304392e-01
5.238459241491867369e-01
5.608443484827936310e-01
5.207561816334361771e-01
6.657754730749206873e-01
6.757956604499164577e-01
7.542417638685969816e-01
8.128213134032440390e-01
8.202343754482710469e-01
8.758674167456266257e-01
8.220290729312232925e-01
8.600907682397199716e-01
8.458725771248206682e-01
8.423582469800107164e-01
7.810058488383000430e-01
8.370198585637593780e-01
6.960551446944220899e-01
6.795991446192153340e-01
1.000000000000000000e+00
6.371059340100477808e-01
6.166876987987892633e-01
5.257897789775385355e-01
5.155804425613178532e-01
4.516932033030925941e-01
3.941709127970113302e-01
3.230551362283660133e-01
3.758678990279888943e-01
2.268600694794938866e-01
1.932771274556928098e-01
1.626876911317259866e-01
1.792664033718172067e-01
3.694531512806298323e-01
4.553683060598440191e-01
5.965556108643187416e-01
5.173291724327528929e-01
5.814064285481964633e-01
6.631474604083020807e-01
6.976837141780347640e-01
7.028703427477283050e-01
6.431936722503263093e-01
6.357356298401672934e-01
6.152959965662569974e-01
6.606698466117275625e-01
7.827233642421901338e-01
7.642712535925315631e-01
1.000000000000000000e+00
1.000000000000000000e+00
8.651523662754402322e-01
1.000000000000000000e+00
1.000000000000000000e+00
1.000000000000000000e+00
8.569785774832437975e-01
7.224064932115654702e-01
8.527512847565231757e-01
8.775104927081843753e-01
7.973522087052695717e-01
8.304435741852661534e-01
1.000000000000000000e+00
1.000000000000000000e+00
7.560347509715088510e-01
7.318014917624859894e-01
6.648265754682183282e-01
4.465787910861087617e-01
4.288279963564495256e-01
4.633975016856742846e-01
4.612560860143277708e-01
4.602042863613997614e-01
3.856744815577747287e-01
3.470813098310641109e-01
3.308815370120825605e-01
5.667184153267291746e-01
6.370382097122894161e-01
6.388052638499424063e-01
5.638482419771733145e-01
7.804690228704472821e-01
7.180222890562014681e-01
7.767632563526628564e-01
7.604733501376492733e-01
7.541768764549602322e-01
7.398472984646513595e-01
7.262908142250863452e-01
7.220796343580428989e-01
7.140558220469410688e-01
6.980747402409142044e-01
7.072099925737385107e-01
7.150146159977364135e-01
7.368658651849626651e-01
7.387806773244161018e-01
7.017499179656169206e-01
6.635997591902095261e-01
6.781008600020760335e-01
6.437403262765599710e-01
6.107551905103039136e-01
6.104386195232780477e-01
6.175869465222266763e-01
4.264318459167925068e-01
4.395183139393867844e-01
4.470300318200980394e-01
7.230626564841755588e-01
7.120674010064904635e-01
7.648485160076311518e-01
5.905222813632690082e-01
7.204388436898990777e-01
7.527699857045795362e-01
7.789785210378135094e-01
7.508899241413945491e-01
7.504045201835635170e-01
7.691788415681060087e-01
7.583454748555459313e-01
8.180486593137095142e-01
8.643969411396742464e-01
1.000000000000000000e+00
1.000000000000000000e+00
1.000000000000000000e+00
1.000000000000000000e+00
8.683748659350598587e-01
8.673743197395613613e-01
7.129067876950263560e-01
6.602146972631864896e-01
6.332856495448118128e-01
6.537115093370222674e-01
1.000000000000000000e+00
7.179199606198434225e-01
6.973331033989418337e-01
7.331006345104720268e-01
6.135263259365270061e-01
6.821883578447749397e-01
6.943008959215966058e-01
6.634300572656341988e-01
7.480445627251810503e-01
7.840411344368831692e-01
7.569167418820659243e-01
7.931810953825801924e-01
7.460111061550902534e-01
7.204615733095200980e-01
8.997787913858844577e-01
8.671871534120980662e-01
7.515135642451749032e-01
7.552270302660183399e-01
7.191484573784892032e-01
7.498031153140483074e-01
5.487366899167680501e-01
5.095869781936659404e-01
4.408874966499870540e-01
4.094710137433374975e-01
4.478070795834352413e-01
3.879158495983083821e-01
3.225715146789878141e-01
3.546699472362837557e-01
5.578103702428789390e-01
5.719011383849137431e-01
6.485053891394072512e-01
6.717277450275260797e-01
7.740230554856630807e-01
6.391680883379228240e-01
7.601582899330370235e-01
8.244098878663432828e-01
7.183596745747478085e-01
7.977469403231953748e-01
6.730369095356705245e-01
6.872007214385605911e-01
6.288374690995761629e-01
