4.581103978379458264e-01
4.635274905952805335e-01
4.664335665579408818e-01
4.433171804341464739e-01
4.712182717583953684e-01
4.587924529663415241e-01
4.613321644546450884e-01
4.529085141584060503e-01
4.469123750584677035e-01
4.280884121529917596e-01
4.217862675896901781e-01
4.006537681772083248e-01
3.996658060459773454e-01
3.925449552345950943e-01
3.750200573232501666e-01
3.604382551117292222e-01
3.638764731938655128e-01
3.601895736826771222e-01
3.429487181827105546e-01
3.458492978121330275e-01
3.406961180497187769e-01
3.141414144078704673e-01
3.307589253169048726e-01
3.218478921436965789e-01
3.293346527622497133e-01
3.483514235722501295e-01
4.618367709052367820e-01
4.616628489144936065e-01
4.542349729261224711e-01
4.744361957909902783e-01
4.624761907321541798e-01
4.782144074035972192e-01
5.105932205801175794e-01
5.006033185014563403e-01
4.978319226213958615e-01
4.729177582645794908e-01
5.041185282926194944e-01
5.122910523804812266e-01
4.867187502864293025e-01
5.121536633734751209e-01
5.156501728908802207e-01
5.214841484604086919e-01
5.134234183502450755e-01
5.174117509867184328e-01
4.941944850664039546e-01
4.996301778232062896e-01
4.956467275316963628e-01
4.873949583095270599e-01
4.903797471579874889e-01
4.938271608094355614e-01
4.944959805228843486e-01
4.891112063142126765e-01
4.846778103896088874e-01
4.856745651077886139e-01
5.144563921657966388e-01
4.948325020819479558e-01
4.873949582844243622e-01
4.756140353943777432e-01
4.916666669548375168e-01
4.991708128805025790e-01
5.016181232461607298e-01
5.349056606211186615e-01
5.226830519597116531e-01
5.334334336669501742e-01
5.307992205015598097e-01
5.270386268349840364e-01
5.343137257076032709e-01
5.449579834057152183e-01
5.476190478302431774e-01
5.407007066132363260e-01
5.399867814465173499e-01
3.694802023099722499e-01
6.188147297569932537e-01
6.204163485387622634e-01
6.091954024883867724e-01
6.015325672430609227e-01
6.042485088489992773e-01
6.009065827744843880e-01
6.009065827744843880e-01
5.962113661035834955e-01
6.099700899252391562e-01
5.946327685660650619e-01
5.946327685660650619e-01
5.872472944725100064e-01
5.981810667640652390e-01
5.881983680748072985e-01
5.894015486558895622e-01
5.739648146460175626e-01
5.721518989646368070e-01
5.636363638775151452e-01
5.971262781999855385e-01
5.634757837245152334e-01
5.596581199090266967e-01
5.537075539652878131e-01
5.701304755532790036e-01
5.787995790459812273e-01
5.664512340972671645e-01
5.711082263831533945e-01
5.700678654779927079e-01
5.522602250943193791e-01
5.607207209845521678e-01
6.021959461859338614e-01
5.661066474518464675e-01
5.695242756698518649e-01
5.793078148591733756e-01
5.655929905185776985e-01
5.754658770977009175e-01
5.698094410450806890e-01
5.670693737905907472e-01
5.927177179725239275e-01
5.954116910148261610e-01
6.034352111622662829e-01
6.140083748166422772e-01
6.140083748166422772e-01
5.990356556280702627e-01
5.983834304127408910e-01
6.115340695270053972e-01
6.041111536580947572e-01
6.059611015370288678e-01
6.016368483684577662e-01
5.779868656365326762e-01
6.136650671800548684e-01
6.059611015370288678e-01
5.980668290884221250e-01
5.898234685943513078e-01
5.687771491583670791e-01
5.608144195188153880e-01
5.351483140084326573e-01
5.283122598073719534e-01
5.351513463975788865e-01
5.049561034374425716e-01
4.984423679563563248e-01
5.038412295462788570e-01
5.038412295462788570e-01
5.388243834986761183e-01
5.396281447031512357e-01
5.537732413023892519e-01
5.505952384296166624e-01
5.484449764141410277e-01
5.371561008244944979e-01
5.596590912382931604e-01
5.451555027323897740e-01
5.664335667527172768e-01
5.643491127482624936e-01
5.812869825582196448e-01
5.337995341391320592e-01
5.625000003186917397e-01
5.694603906648533220e-01
5.665901266026189820e-01
5.862715411448038427e-01
5.971591321673089814e-01
5.704970297272156099e-01
5.620199974192001680e-01
5.570440483749223848e-01
5.631598110206335051e-01
5.359964884869794499e-01
5.020053479634540849e-01
5.241384436095228860e-01
5.217942980132898034e-01
5.392194016375753129e-01
5.369383095682114249e-01
5.387038707330453757e-01
5.324148491906506298e-01
5.324148491906506298e-01
5.476923080402367194e-01
5.545454548829200636e-01
5.243939397542469738e-01
5.309090912644627291e-01
5.355883900580601376e-01
5.563432839131766672e-01
5.304477615444419536e-01
5.206916941171358948e-01
5.377623414589400852e-01
5.545845171112194771e-01
5.709707963214836202e-01
4.942907337913257093e-01
5.229919382479905066e-01
5.162735148430326326e-01
5.208518193427595921e-01
5.147058827189245900e-01
5.431322016804638331e-01
5.431322016804638331e-01
5.150868641305341722e-01
5.171105550367171011e-01
5.152979069739299645e-01
5.159663869243953371e-01
5.243243246916413636e-01
5.352112679614120516e-01
5.301036994814241066e-01
5.137345682764393739e-01
4.868913861681558597e-01
4.775062270567355105e-01
4.900590249378230512e-01
4.772403987061478725e-01
4.402686714854719963e-01
4.319469174365213604e-01
4.662571666943020610e-01
3.603664178835478404e-01
3.611717312731477225e-01
4.057896102302148700e-01
4.615653089071064530e-01
4.258948303792357004e-01
4.145638073048271144e-01
4.057681848306110561e-01
4.578995438740642854e-01
4.584100115399245556e-01
4.819548877049295577e-01
4.975827097378113795e-01
4.929200157932261961e-01
4.791767325546654188e-01
4.811115511460526406e-01
6.265822788561560275e-01
6.187692311602366324e-01
6.125703568766204254e-01
6.399055493829499675e-01
6.346174837557376769e-01
4.963680392952145581e-01
4.469147011718299645e-01
4.478301022070289017e-01
6.136636476987191724e-01
5.065136481529015633e-01
5.899408288067644612e-01
4.784810131472282402e-01
5.033928575862562926e-01
4.869863018090870854e-01
4.826261143956944721e-01
4.829059833152057335e-01
4.949845682909069788e-01
5.103247048403974917e-01
4.933147226760837833e-01
4.840538628745189031e-01
4.918866219848968546e-01
4.732142860706072263e-01
4.849206352612959181e-01
4.794117650387392793e-01
4.918173991067937845e-01
4.704861114281093659e-01
4.581218277237414371e-01
4.832783281170086598e-01
4.838917183147189993e-01
4.875776400167817215e-01
4.828660438735473681e-01
3.024303727997553759e-01
3.103122939379600043e-01
3.363573250005288395e-01
3.657835656193159091e-01
3.517750949036875241e-01
3.485170933445700392e-01
3.352575090938677560e-01
3.420126674252231824e-01
3.405206418877549934e-01
3.096234312632394348e-01
2.805989586455733820e-01
2.968053967600842169e-01
2.426483018241303302e-01
2.936088421858045194e-01
3.228050975987784010e-01
2.728149103177960333e-01
2.785526423533304374e-01
3.102376886320344918e-01
3.269594852983871425e-01
3.304973085380049636e-01
3.298383576052721367e-01
3.483154098580458768e-01
3.617745023875790222e-01
3.822634202468652154e-01
3.914893619076361686e-01
3.798830411428961717e-01
4.003115266743537681e-01
4.115613903438731791e-01
4.152925863453716948e-01
4.193979934875652349e-01
3.990513694293147395e-01
4.122023811238906266e-01
4.420769254397352022e-01
4.648282048470299133e-01
4.391095592974930684e-01
3.802083334988760610e-01
3.878600824660072277e-01
3.683598596092497734e-01
3.929957118151430340e-01
4.041592899772687986e-01
3.706011731743399373e-01
3.840579711632711168e-01
3.850286534419702367e-01
3.869079672729830444e-01
4.056159050339058769e-01
3.880000001360000006e-01
3.992172212656627250e-01
3.833644702396050707e-01
3.614236893887172730e-01
3.985707326216967328e-01
3.800637959768613516e-01
3.956778608139619458e-01
4.136752137865764567e-01
4.658261447567231262e-01
4.611581026496245350e-01
4.459200366843292240e-01
4.521306033044877326e-01
4.754293974193423145e-01
4.345136238919123928e-01
4.256651018150650057e-01
3.890900933641405768e-01
4.359321617415229388e-01
4.105768332745525218e-01
3.726128473194735280e-01
3.512782695195307836e-01
3.500122640191911660e-01
3.561050062032806718e-01
3.286406576909826072e-01
3.092497023682704294e-01
3.473193474187852292e-01
3.525995744371238638e-01
3.509729402020412836e-01
3.981159838905821147e-01
3.280723906733897799e-01
4.622483348997495911e-01
4.455818966347010468e-01
4.482377539653169540e-01
4.901049118547173844e-01
4.783927779371921485e-01
5.144776295616324546e-01
4.705288567814309708e-01
4.741063645053609221e-01
4.271054341593266690e-01
4.636124891357437106e-01
4.448263147068624024e-01
4.447427293893001510e-01
4.455320112441698566e-01
4.548525799362941324e-01
4.332319559426174305e-01
4.139020538069604349e-01
4.007675710496010346e-01
3.798735512118234237e-01
3.493961142395596298e-01
3.615763547941646117e-01
3.638445627652474590e-01
3.493793522272594654e-01
3.254915731652833211e-01
3.590036931280099486e-01
3.896329366340871569e-01
3.996250853357991017e-01
4.099426809060973120e-01
3.905965393008660191e-01
3.761770246289602992e-01
3.960289516343826755e-01
4.228447610218117880e-01
4.368278111252504869e-01
4.013511174428804340e-01
4.149377595146028774e-01
3.529622631320594728e-01
3.539504637629893313e-01
3.200682208214652436e-01
2.023181517191774414e-01
3.028827872127166643e-01
2.389022438946705185e-01
1.984166257634765174e-01
1.866428148962250289e-01
1.745280956621871882e-01
4.996625424073509736e-01
5.175741191881531034e-01
5.326430833416532229e-01
4.552235097930368291e-01
4.522506713544028889e-01
1.796835638518171629e-01
4.198069140351878836e-01
4.351992701373089689e-01
4.528694620612203625e-01
4.602258839973470961e-01
4.336283188549971968e-01
4.655333025311908512e-01
3.713400903850694323e-01
4.174547168113598161e-01
4.095937443211931095e-01
4.398659969179871121e-01
4.272327684745047538e-01
4.405696730036727793e-01
4.481295422874069789e-01
4.481295422874069789e-01
4.771009123166849442e-01
4.708091501386093558e-01
5.000243869189755497e-01
5.117787643214266602e-01
5.117787643214266602e-01
5.149490320855732994e-01
5.223880599391104163e-01
4.833333335942761044e-01
5.044610811688744478e-01
4.968239094570322534e-01
5.338409477930197156e-01
5.296455426801044419e-01
5.196314983989737124e-01
5.241935486535653776e-01
5.196687373362843809e-01
4.910788139601330871e-01
4.996416629839693924e-01
5.050951507028267340e-01
5.070698147285255253e-01
4.964249237127011938e-01
5.122832373145800311e-01
4.964164979740253170e-01
5.079253261656038188e-01
4.918699190680386746e-01
4.761655320839889294e-01
4.915097256163092343e-01
4.863880979056757203e-01
4.798519741119637860e-01
4.896202535952571822e-01
4.725274729875044155e-01
4.837662342318125308e-01
5.101518204589794436e-01
5.302631583362188428e-01
5.410628023757847460e-01
5.343137259467511946e-01
4.907220658625230936e-01
4.831081086372767119e-01
4.645530151096122218e-01
4.327910964974410746e-01
4.157848330954752036e-01
4.399641583333734340e-01
4.053336418779338590e-01
4.157024800286865940e-01
5.761782979220821943e-01
5.689334825109209071e-01
5.920716117748444640e-01
5.895522393433461072e-01
5.784590566378122745e-01
5.911845735658614043e-01
5.772079778102450209e-01
5.546875006564158106e-01
5.550976807767129539e-01
5.012527411505593999e-01
5.400192871423669105e-01
5.396721319021768881e-01
5.277777785727646442e-01
5.236942242758660937e-01
5.104870253990632101e-01
4.577025833344566808e-01
4.426139494003039632e-01
4.557438804976574609e-01
4.595437717692654189e-01
4.512195132574148282e-01
4.482758631561066798e-01
4.272727284297520578e-01
4.610754424938293683e-01
4.651685404184503492e-01
4.582226773070016135e-01
4.218750011731432492e-01
4.421487614831637325e-01
4.357366782952211137e-01
4.514106594536871908e-01
4.357366782952211137e-01
4.341085283503260950e-01
4.166481699963414664e-01
4.195867039092840978e-01
3.827618179268724719e-01
3.975343117061308496e-01
3.983988712069722604e-01
3.651960799872645547e-01
3.599397606427214846e-01
3.418043218759737600e-01
3.331566410464971151e-01
3.139097762784378576e-01
3.047619066537091692e-01
3.053061243393031532e-01
2.968707502125966791e-01
3.436734711736776360e-01
3.175510222651672931e-01
3.072108862388819306e-01
3.403395329012678383e-01
3.111170372937429596e-01
3.153741515227914682e-01
3.321659500749840621e-01
3.163265324977205806e-01
4.324028477493080391e-01
3.961038977378141812e-01
4.019933571373384140e-01
4.124230570441437260e-01
3.920092663809807698e-01
4.245553659651309930e-01
4.224013837535232074e-01
4.103468565245537159e-01
4.346257906984497543e-01
4.268738591502929669e-01
4.268738591502929669e-01
3.978625972584348691e-01
3.783102163357181524e-01
3.873239456231628575e-01
3.873239456231628575e-01
3.598662228767016691e-01
3.777704287867336141e-01
3.831837840372755988e-01
3.748344391561774236e-01
3.658045033059976747e-01
3.978566664505804873e-01
3.945720271587612737e-01
3.772081767329125146e-01
3.680140619753460296e-01
3.970893991784844035e-01
3.710021344314068381e-01
3.816631152037558428e-01
4.421126287439223201e-01
4.803921586821002787e-01
4.733853815706693391e-01
4.555275496740095464e-01
4.414970950526995175e-01
4.327272747900826610e-01
4.279866042873591292e-01
4.000000022641510000e-01
4.239877791291528641e-01
3.923951415429434153e-01
4.105221227161335307e-01
3.718839420846590249e-01
3.792407133310149447e-01
3.600326957088979540e-01
3.327652350542598114e-01
3.435635151595758385e-01
3.477135489744885843e-01
3.491228098722684026e-01
3.469034242230255582e-01
3.570190669106626524e-01
3.417721546760669193e-01
3.026315820060019313e-01
3.246753275988081278e-01
3.246753275988081278e-01
2.987013017372238677e-01
3.217843251546803618e-01
2.987013017372238677e-01
3.205128234166119139e-01
2.987013017372238677e-01
2.764505150322077442e-01
2.756382549734390786e-01
3.301967522232817087e-01
3.395427631687436554e-01
3.727735395556678322e-01
3.925429434748934909e-01
3.729097016182705282e-01
3.226226690289941690e-01
3.603678956506359832e-01
3.827160520105745700e-01
3.899510920855887575e-01
3.928881205859144909e-01
3.775011143730497842e-01
3.974527914033694209e-01
3.465753454494276964e-01
4.261603402430363952e-01
3.976834005903311375e-01
3.551587333573476002e-01
3.753062255007044712e-01
3.389830541426567256e-01
3.045454580578511594e-01
3.303571461787839780e-01
3.045454580578511594e-01
3.314805491082336575e-01
3.305870271339493849e-01
3.070220435314092722e-01
3.461538495069033106e-01
2.807933231691371878e-01
4.199395799600222912e-01
2.919390016778921071e-01
3.428258524489273817e-01
3.063263079560137880e-01
3.207547207505286879e-01
3.691128183509703176e-01
3.392070520968774039e-01
3.524229110549399469e-01
3.212669721647795074e-01
3.043478299646162899e-01
3.399558535322524389e-01
5.882352964922993310e-01
3.504698764484804885e-01
3.035815844026060750e-01
3.499152100061322379e-01
3.839285748664700293e-01
3.325766212680101308e-01
3.135011480920987248e-01
3.063420197828877756e-01
2.963813940472062036e-01
2.651469750141153270e-01
2.541951569036969838e-01
2.691839264970528056e-01
2.541951569036969838e-01
2.371638188437419359e-01
2.141057983998375658e-01
2.706393589656154175e-01
2.906683525178540561e-01
1.000000000000000000e+00
1.000000000000000000e+00
1.000000000000000000e+00
5.566232013958599678e-01
5.511921490098727894e-01
6.293754315073751826e-01
6.563814890856838336e-01
6.086956550094517748e-01
5.826086986767484710e-01
6.333333360493826891e-01
6.304347852867044910e-01
6.088888917860082461e-01
5.970370400219477958e-01
5.970370400219477958e-01
