3.276023647175596576e-01
3.573682160454577650e-01
3.657647555846892384e-01
3.638773194162413516e-01
3.647657279518424778e-01
2.815626841960113813e-01
2.849876639647038745e-01
2.674716983896333611e-01
3.801963265485995835e-01
3.670697121335013691e-01
3.999928911243049168e-01
4.325245082971130861e-01
3.605091682980341439e-01
3.630968134566602279e-01
2.985069044274568650e-01
2.937575577033866292e-01
2.977504649680396964e-01
3.047919485861528832e-01
2.714107933509029014e-01
2.735189686886492222e-01
2.547783936098412250e-01
2.847947412316244042e-01
3.084941827599387842e-01
3.730025233484011160e-01
3.776394442126270734e-01
4.339811998012975680e-01
4.545217279608111394e-01
4.421993396016451472e-01
4.156521741084775456e-01
4.148568268727151898e-01
4.215699754531310184e-01
3.701536212984075647e-01
4.170760235866078913e-01
4.030547307845517846e-01
3.982819213203560027e-01
4.431060996145866904e-01
4.322426898646648530e-01
4.257331452412947970e-01
4.145122603229902669e-01
5.148317172294525346e-01
5.058924980217403000e-01
4.703906223972014189e-01
4.609538219649327306e-01
4.758713138485686223e-01
4.730227883803542754e-01
4.370219277673947911e-01
4.386678532354557625e-01
6.681594538270589911e-01
6.405520996033141623e-01
5.721153847119638813e-01
6.050868536917626272e-01
5.581124517729276757e-01
5.673234105722870790e-01
5.623527320583397993e-01
5.648099028371331709e-01
5.681217820532523666e-01
5.681217820532523666e-01
5.419260861447909861e-01
4.840961213769827687e-01
5.478364340523474985e-01
4.783485407374229448e-01
5.161096659205248738e-01
5.108280255975434780e-01
5.097694413076960807e-01
4.353854114238527862e-01
4.306135226860878795e-01
4.988612837735866279e-01
4.271299872774441120e-01
4.962241654669554691e-01
5.069758303431479707e-01
4.923941206442823404e-01
4.949098054512516276e-01
4.863274816476850226e-01
5.027720905696537734e-01
4.820371505710254745e-01
4.660622152316630240e-01
4.579698350693162112e-01
5.145987211831164476e-01
4.907169519873195718e-01
5.227030863066018940e-01
4.929420506377828470e-01
5.343805851908615123e-01
5.394887627073858827e-01
6.051828595044481673e-01
6.009848035484792739e-01
6.030044730350653248e-01
6.049550314769738257e-01
7.531403861584304860e-01
7.521099355767834060e-01
7.475605612229282437e-01
7.175561441574653809e-01
7.384126684531236995e-01
7.391479242645022651e-01
5.930265255429219007e-01
5.534490850414244267e-01
5.574364039221713085e-01
5.609550167547833199e-01
4.430055956719942678e-01
4.414607949905791084e-01
4.594428514288604326e-01
3.707650274943266044e-01
3.537891963443683396e-01
3.883455225457910220e-01
3.921017169414362513e-01
8.201622596829318823e-01
8.056847545936933752e-01
3.517157853985424243e-01
3.681404830751174861e-01
3.704587841923514535e-01
3.791469195845312834e-01
3.182160280646088024e-01
3.095943773648364150e-01
3.368283094864492622e-01
2.928807451454690236e-01
2.992831098406759649e-01
3.002352152497101967e-01
3.287179489091972551e-01
3.296759816761883899e-01
3.132956528146174646e-01
3.081727856763638584e-01
3.300242260032588693e-01
3.237924867664682127e-01
4.381000874216613994e-01
4.306036708113797351e-01
4.236375576037721968e-01
2.730825600409589882e-01
4.411327808133757022e-01
3.922593838492013374e-01
3.738137605652984696e-01
7.606375257883780661e-01
7.716438397567710883e-01
7.673459949359702215e-01
7.674550461923441702e-01
7.599257428527548264e-01
4.724002331604039151e-01
4.502617802392079316e-01
4.344896432656627505e-01
3.292227573623802694e-01
4.345102058013811108e-01
3.814066544571740325e-01
3.827311697567981064e-01
3.754799781899067490e-01
3.096375387960950132e-01
2.767612737653649679e-01
5.840004105623972652e-01
5.788211634206346101e-01
6.102690413496745236e-01
6.102143269089888022e-01
6.026272578469542562e-01
6.011287006072589811e-01
3.092438052399539838e-01
2.787878789497670873e-01
2.918051807653098129e-01
2.451154105820526619e-01
2.236842107061517426e-01
1.931818183728263305e-01
2.110563235384271819e-01
2.153251060933586425e-01
2.956349207804988000e-01
2.806484297364386649e-01
6.073008850010024329e-01
6.080100298354045307e-01
3.202206266374814092e-01
2.840845974612081770e-01
3.450184503158554294e-01
3.330794619334266349e-01
3.200847459067617251e-01
3.513601697966148851e-01
3.456221199479299067e-01
3.960394109070257684e-01
3.871024701522233213e-01
3.944918239193937470e-01
3.634710535451705082e-01
3.567043483304322971e-01
3.752076506588228888e-01
3.670410349676526129e-01
3.686763221356963438e-01
3.439107315526304109e-01
3.433029348352633070e-01
3.448179212727587872e-01
2.880640339326098198e-01
2.835900160905492351e-01
8.441617447057696566e-01
8.455531576994681497e-01
3.661881098458061867e-01
3.252949260138118248e-01
3.431199481224752601e-01
2.826505028645657225e-01
2.824487395069046336e-01
3.172574553256858332e-01
3.487042831366191642e-01
3.602265504324440037e-01
3.718869687368977495e-01
3.901584344100357260e-01
5.784335363471986291e-01
5.816434332781514893e-01
5.763844685475831842e-01
5.693196406224165784e-01
6.673356046498184480e-01
6.562500000403235223e-01
6.401979772325995244e-01
5.836282505534662324e-01
5.846986149477932937e-01
5.900569365883454598e-01
5.887537994441801592e-01
2.586417033792387521e-01
1.973097806235827312e-01
6.158801740441617323e-01
5.846536021019449469e-01
4.991410575333808941e-01
1.000000000000000000e+00
1.000000000000000000e+00
1.000000000000000000e+00
1.000000000000000000e+00
1.000000000000000000e+00
1.000000000000000000e+00
1.000000000000000000e+00
1.000000000000000000e+00
6.355807988941772901e-01
1.000000000000000000e+00
4.083914943454570734e-01
1.000000000000000000e+00
1.000000000000000000e+00
7.102649786193033776e-01
6.947459835366013303e-01
1.000000000000000000e+00
1.000000000000000000e+00
6.289679813534689856e-01
1.000000000000000000e+00
5.509977827673229189e-01
3.946980855385964215e-01
5.658388855823623942e-01
5.628403398547647818e-01
5.677654692140894355e-01
4.219171098729118663e-01
4.520425013547199056e-01
5.866718781073974043e-01
5.403600136504642659e-01
5.552403974408974818e-01
3.131567793415683809e-01
3.288270638869673634e-01
3.357933580794690842e-01
3.049453922432334707e-01
3.263614459454551309e-01
3.593125872365739992e-01
3.625212707122043021e-01
3.469561188331902191e-01
3.632900569169219551e-01
3.707760045760110090e-01
3.884626936611803583e-01
3.306206090952515941e-01
3.206843478212514365e-01
3.014504117988883181e-01
3.430749684007433631e-01
3.332644523083989618e-01
3.652408322655916750e-01
3.457338517369361597e-01
2.701894319253786980e-01
3.326174195069753203e-01
3.927104724433398975e-01
4.185928373087391963e-01
4.469759198809010181e-01
4.831236767793574138e-01
4.124827170297955536e-01
4.129973131201791769e-01
3.904216335894820089e-01
3.962896269952072004e-01
3.869820052674587396e-01
3.772355007151021455e-01
4.224598931600287433e-01
4.268574066630408392e-01
3.485444533288434288e-01
3.467169283451572159e-01
5.932536434155812888e-01
5.954287576216199529e-01
5.963860370162373803e-01
4.281548556520441418e-01
4.329896908298989100e-01
3.624107852316480471e-01
3.732530639919903193e-01
4.042128747068335359e-01
4.283100847289545987e-01
4.587391082606377957e-01
4.035080445754877232e-01
4.148921309567741300e-01
4.113856069914100244e-01
3.202315514617328773e-01
3.002652000539571819e-01
3.516084441902466162e-01
3.187126176495983509e-01
2.830828177416537805e-01
4.264822483863796032e-01
3.660862739317185532e-01
3.216452492902008853e-01
4.543037840166569419e-01
4.145499878866121257e-01
3.918388766856146788e-01
3.478935929645240455e-01
3.985595130563177602e-01
3.464073475563459459e-01
2.765284214949349506e-01
2.174677610734269129e-01
2.397810646210024599e-01
1.558429676491344118e-01
1.546265994779452146e-01
1.649883813486897610e-01
3.137821440542757356e-01
2.846522548946854858e-01
4.727382389479819480e-01
4.549881358805348830e-01
3.967819394993870041e-01
3.730479391290522084e-01
3.367740692319183271e-01
3.404276188357131527e-01
3.269615254969129303e-01
3.612008454103129429e-01
3.331997496973827522e-01
3.626651218163001733e-01
3.736597857088769237e-01
3.882835871114470594e-01
3.919001352028451679e-01
4.076019005985659360e-01
4.040176712086318567e-01
3.344313210356145705e-01
3.276307938811342524e-01
2.911472977003269902e-01
2.966961074864530312e-01
5.055987601203670856e-01
2.994146222134093094e-01
4.616990879597486774e-01
2.681102706704612260e-01
2.925733623205842848e-01
3.075724346913389917e-01
3.361209643642076861e-01
3.122360643707148276e-01
3.137148296007300496e-01
3.339026474823635349e-01
3.388553828750406893e-01
2.604196610582799609e-01
2.337968192941908274e-01
3.971234411186584934e-01
4.251773421069326986e-01
4.191272053537267173e-01
3.484043258114792874e-01
3.952419033898336709e-01
3.065025932713957291e-01
2.698018963370139023e-01
2.646820029551143483e-01
1.724593051634710772e-01
1.724593051634710772e-01
1.595208931674422237e-01
2.267643306708515549e-01
2.128696187489291791e-01
3.410581128371502624e-01
3.593344722719888917e-01
3.165887852568283201e-01
2.952487286641705122e-01
2.751964981012846589e-01
2.638191803604880148e-01
3.664308522611811059e-01
2.994183336030923348e-01
2.907431553701051996e-01
3.347464282195803387e-01
3.477438872738392028e-01
3.448449712172785286e-01
4.183349488926390025e-01
2.990913507320901443e-01
2.881414109187776518e-01
2.871314039655077366e-01
3.223535492726365970e-01
3.147410360803536422e-01
3.905287748716655960e-01
3.836197752770089675e-01
3.878724838194111957e-01
3.878724838194111957e-01
3.829412708007868815e-01
3.698121807982122089e-01
3.707366430462036844e-01
3.796394487739794821e-01
2.999600055659378262e-01
3.168550068905618966e-01
2.518447439688148437e-01
2.565190229665189614e-01
1.444537371153145067e-01
2.081099809619261221e-01
1.972510603899506609e-01
2.178372990390948782e-01
2.330025079528829091e-01
3.266087672411239762e-01
3.314834362699657921e-01
3.605458630642439655e-01
3.621272673559015054e-01
1.674162921741374488e-01
1.709145430473553162e-01
1.645383107282233359e-01
1.562831593314070178e-01
1.335481039926972313e-01
1.367108679962846240e-01
2.900302117135064028e-01
3.651540965262028982e-01
3.558205990322336199e-01
3.293276834705813894e-01
2.844179416371473978e-01
2.390389728229115329e-01
2.110284729881194421e-01
2.169892556561007213e-01
2.454394695920976144e-01
2.201927767992375440e-01
2.027784176825625506e-01
2.137120021468382758e-01
2.733039781799746493e-01
2.901785716926419401e-01
2.842065588826963030e-01
3.269565219935891554e-01
3.183753945905459792e-01
3.005551786154271321e-01
3.627067017106517799e-01
2.986512526787471478e-01
2.969134119105187875e-01
3.197372720834135151e-01
3.651704943057861863e-01
2.766353015341344035e-01
2.927756656628734966e-01
2.610206040324946075e-01
2.524965497878961518e-01
2.639050203192218058e-01
2.776531495782341707e-01
3.788830073540633281e-01
3.989466756916776324e-01
2.754595468153944182e-01
2.971613676169289064e-01
2.892649394988255906e-01
3.561481873549885435e-01
3.698733617552217856e-01
2.900203669602747780e-01
3.224152524653216556e-01
2.654397119507448943e-01
2.908049192794834870e-01
3.414920955788109946e-01
3.133176350456490233e-01
2.376777716551344843e-01
3.165722708861388179e-01
3.141341772987186198e-01
3.623978204482968257e-01
3.798788544063947947e-01
4.525698519090333161e-01
3.825806454458153816e-01
4.164633306862192130e-01
3.978093687262599376e-01
3.821638247217575834e-01
4.053627762857681116e-01
4.008791016290551568e-01
3.994962445915997140e-01
3.605435975189056341e-01
3.444644592192210864e-01
3.076776532160041544e-01
2.842242506715803030e-01
3.223140498979274460e-01
3.323381737312443018e-01
3.211229825997303777e-01
3.060483310955681713e-01
2.465854020430873206e-01
2.525536643214637555e-01
2.534562215680807862e-01
2.579338972222837700e-01
2.710773720420907029e-01
3.407283385234508577e-01
3.396943032238562976e-01
3.258821359108248217e-01
3.288121473341301115e-01
3.460690671628999793e-01
3.541190703068050061e-01
3.541190703068050061e-01
3.644236601002754927e-01
3.802175130549724225e-01
4.116111065316341300e-01
4.157537822049409693e-01
4.269237467675297548e-01
4.177083335860640734e-01
4.034151550144898790e-01
3.844155846912603591e-01
4.114295734019504103e-01
4.081489597335601349e-01
3.260170817678312849e-01
3.173619464816566094e-01
3.136012582372468271e-01
3.147721230205833276e-01
3.072785947887779479e-01
3.048894428505185550e-01
3.314606744418365780e-01
3.117574767573592087e-01
3.201302227707857329e-01
2.996739639964257629e-01
2.958271240239255251e-01
3.062572157440511811e-01
2.985486215294878010e-01
3.025258327102344769e-01
3.250413031271931485e-01
3.283179563149666302e-01
3.418020146348779154e-01
3.206476995148441755e-01
3.562502782246407262e-01
3.726059968420701862e-01
3.301790284185085467e-01
3.351948219591340816e-01
3.256880737069371978e-01
3.459540056269126973e-01
2.585551334507929511e-01
3.468695575456642866e-01
3.517423349323345327e-01
3.573468742996115388e-01
3.069584739492338121e-01
3.129543339641405186e-01
3.561515541267979978e-01
3.328712531048035883e-01
3.144152314984518526e-01
3.338645421275500125e-01
3.729621271745832134e-01
3.335972555055874977e-01
3.426272046516437575e-01
3.433695512748747847e-01
3.468842992530700720e-01
4.203012858189520973e-01
4.100650134801889779e-01
3.471365641642569777e-01
3.487795156386924722e-01
3.155087530472698854e-01
3.065884190057363012e-01
2.503209246320129422e-01
2.470884330600628953e-01
2.476906772764168041e-01
2.441830996886585892e-01
2.171579108220299537e-01
2.204665165686147121e-01
2.793636855124366214e-01
2.492088611307313739e-01
3.114619083452473403e-01
2.728580046978438256e-01
2.530449098269245134e-01
2.916053022406087658e-01
3.051754910972518386e-01
5.608157321128548478e-01
6.353302982979074365e-01
6.505225441473507786e-01
3.241530796130129843e-01
3.489947003663688152e-01
2.750647266873204044e-01
2.941020663543607583e-01
2.923250567406124878e-01
3.194133840876426378e-01
2.766779336830350600e-01
3.448131040130982816e-01
4.062006081433837679e-01
3.403967181787633800e-01
4.008383650344812255e-01
2.603270952367530144e-01
2.494942686912110519e-01
3.144241290379652387e-01
3.717764503623320893e-01
3.277577393762107771e-01
3.661198018442884949e-01
3.719492701794204770e-01
4.128380154197827112e-01
4.091539530383878631e-01
4.187889814777842057e-01
4.086302059178357204e-01
4.235357013520212321e-01
4.543448953749402719e-01
3.900902794491950543e-01
3.048951051651533906e-01
3.290734826832977244e-01
3.481492278679141350e-01
3.388759563467184099e-01
4.645317936004554893e-01
4.695892576785185568e-01
4.236691156205195652e-01
4.250699349190522058e-01
4.388998037200720903e-01
4.059311564321513854e-01
3.825728841506546019e-01
4.080211083876794653e-01
3.394599503292262677e-01
3.235797668001635374e-01
3.042391094728504886e-01
3.078725401015804941e-01
2.976256214807818656e-01
2.953524433286874862e-01
3.746461153491152940e-01
3.974540313203158703e-01
2.495596010193944503e-01
2.328259434225342650e-01
2.294597577819361689e-01
2.363532315388477967e-01
3.142857145655976181e-01
3.509585527096358293e-01
3.865297176897817266e-01
3.008725024388438918e-01
3.166666669830247027e-01
4.007434082933583053e-01
4.234079176043572534e-01
